0.5693676867783993
0.8990871653565585
0.4660630651854577
0.22119274004103462
0.5308235517107639
0.35995766886941705
0.5319103934185202
0.6800834871741657
0.12943370225161965
0.8166016194660729
0.695865562818548
0.28125055515994746
0.7124122726839258
0.142186208538434
0.40602943373364275
0.06406385153099503
0.5783796530314759
0.12533998171704752
0.24152087269121947
0.9600396760159284
0.4132654265606256
0.5912377511823331
0.4869018313236677
0.5969098858696733
0.5606582791380035
0.5056579003856869
0.4311689242789458
0.8397902279170956
0.10667084943358263
0.9732359914634573
0.1506322903274493
0.40333705995504243
