0.7946170622672523
0.5992968057885786
0.9356020793566356
0.556877203922404
0.9921512057079839
0.10204525901135497
0.39814194394442726
0.2990693431148176
0.13822173799593507
0.9975437028266824
0.8270085474446602
0.6076169394535936
0.5696674006062852
0.8463133316426501
0.9719215941198719
0.11396797173264417
0.041988547338404625
0.13574037733249
0.5272903485038029
0.44893524099381377
0.8645570211010487
0.7491094344523493
0.6626744643942649
0.6889932634303734
0.2173703770106289
0.49993940650490953
0.1438595880275425
0.1422405346444655
0.07519194556907838
0.3628765062761258
0.9030429607339512
0.8234264047782262
0.5027776198630022
0.46101772852579215
0.4859382586567157
0.49948407032551234
0.8113949237266201
0.07010639162925736
0.8149581454531036
0.30900424982616925
0.07853285875588167
0.7601686922225912
0.4629290850470581
0.3089875263310773
0.46621503615895477
0.2725100556094002
0.11235166784354234
0.08015999141512897
0.08825126422302787
0.16150722845628973
0.2443596871461502
0.3211969338228272
0.6346484690902666
0.6393128001199087
0.425009698634465
0.5209910194172608
0.35817061567799025
0.9685166502482582
0.5206422724647181
0.0748768413900025
0.4871780683282869
0.6396823511208738
0.26056396059376496
0.45796808592791394
0.04483790793436937
0.8142937751039625
0.07312942364785802
0.4409642682629079
0.36127124585080617
0.8487696472123514
0.12669328421430204
0.5775814115241901
0.8810509662885612
0.21575412680580242
0.8557630354151912
0.4248104552784465
0.9460757430838767
0.05994343994479279
0.1006839625197139
0.3252299450412294
0.15414029172636146
0.7421344762441673
0.22992781079637492
0.3932053609025389
0.027453748865989502
0.13981342886392734
0.9728170264292703
0.28373158273194254
0.9399884001734257
0.4112984070917708
0.7064895636332641
0.5606720594314316
0.7009924823297567
0.5681224695205831
0.21864172815422178
0.946551115769961
0.1892334429550354
0.4481071716823106
0.7792818675273007
0.36894925673740286
0.07586940364930395
0.8500081525996602
0.3767013186648538
0.027970959611285373
0.8930907447732515
0.016831388263506608
0.7096699916546884
0.30680868603011346
0.13834712751397626
0.6471422236337417
0.0007031161059634083
0.6018049010987927
0.830375347837513
0.6663102599418462
0.44697833656051245
0.5424696928107658
0.016199972795752582
0.19521958768316394
0.9340560392367306
0.24090820512170008
0.8965697362099339
0.9025733867540052
0.4701479011541867
0.07333419319071777
0.2120904552990116
0.9304551600443205
0.8824746693547938
0.03461452698200507
