0.09691780504942926
0.20389196125427356
0.8398025971427859
0.26752144576856873
0.6997399690139765
0.8453304964251065
0.3758174913133666
0.7562748536429886
0.3327135187049457
0.5019073600895525
0.05731924448050396
0.7706152654323599
0.7907883478535833
0.6005452860374714
0.3624001641043736
0.8827968578740907
0.6911547678856047
0.11823744458553553
0.2732716869708244
0.5149565756166891
0.10765112909340735
0.8671855480237877
0.07823160189517353
0.42544457732647345
0.33068424591230616
0.3559181410554263
0.5650420455805925
0.9438134147679832
0.06269407392576287
0.731916097570324
0.5112602771232795
0.7674690038089543
0.29992680748338996
0.2224000237018724
0.1349356585244711
0.7659818933398145
0.4492460320631133
0.4133603078342709
0.5665747766110201
0.4412340317357145
0.17902693850831386
0.3523884549849662
0.7049320816809371
0.8923499792807983
0.8153783212666702
0.3612212889408185
0.7090591165726229
0.7335062022155366
0.6756956148914416
0.2611407290439314
0.5471348452080745
0.29823126002795697
0.3224657592159742
0.051941274419003425
0.6757104488290885
0.48931435030853
0.9230059456775468
0.4226853488800566
0.36350612290908335
0.8476191988670255
0.7888296778994266
0.49344425031888595
0.5007567103818301
0.28979927951791973
0.9654665385436334
0.6303805387432672
0.37897847368543325
0.11142570948712671
0.5508098402614295
0.30452629265202324
0.7682335320461899
0.5486526829224002
0.4109461907092634
0.7590354676521335
0.5121867077946848
0.6224359250454395
0.9712722858493684
0.6198230708194506
0.15577870128613913
0.9537200391910959
0.3355912122894358
0.4093517895044333
0.5991723044183634
0.5493934514984176
0.17059052688079335
0.800831397841359
0.2788505550464955
0.7217366762297042
0.05238757069878397
0.02927940915084626
0.24117759640273218
0.36675691518859
0.4251774137400893
0.06094441838757436
0.2147149166216027
0.7252691371100102
0.45707139770221517
0.16707867193349424
0.9532070261277553
0.07985667035231936
0.3451077797604962
0.33762457135118484
0.1112607821561079
0.7147041522790686
0.9289287574039625
0.40935845645725877
0.13255857801340754
0.031646363266453426
0.010186418419986354
0.7401154321239798
0.22391882106167715
0.7144003910087596
0.5895688070448767
0.7539443627324649
0.6889470482844121
0.9428032583065031
0.7543136246591785
0.16440970304635172
0.3037907273256212
0.17014212436470277
0.9344537958035498
0.8185363221706845
0.007786674330146903
0.21449342146009132
0.015993490298203406
0.7741072818611134
0.584421221022846
0.7206960064327947
0.26063447234351966
0.772172394228126
0.9620949346724081
0.26768590105279366
0.2322444913936188
0.343373774289355
0.9451381873925047
0.10790083629197333
0.9526375447639508
0.7062461460885845
0.16731115446921296
0.2479680198055515
0.4312543863148417
0.7500685497106903
0.9233372817065164
0.683470544317702
0.015249882024915506
0.291029850997393
0.13464160124243751
0.6883885249730444
0.21542844521066606
0.9209075869663684
0.9653215775662047
0.9593985472042441
0.17253608462859793
0.6157626451991194
0.46579851127760585
0.422630301466151
0.36918908037676257
0.017546564121681985
0.3200677363441158
0.5523232954966409
0.8867515737058703
0.8240665830202272
0.019684716554939863
0.033685892343528034
0.969644354426569
0.35359523461071474
0.9267690290974876
0.512438372755841
0.7780437250547344
0.1966177491272939
0.2575685584657803
0.6978098464764111
0.17419874340489094
0.1491114210417358
0.8411529432894956
0.622158842904661
0.010616923565912262
0.24671120104679967
0.02435290099376386
0.8363212117767139
0.6950249901390061
0.6392949645336131
0.6948595165065969
0.6116434981514004
0.07182305799604427
0.26810717766584513
0.8772067627287803
0.8423033050300047
0.7393119011638217
0.47417222510510837
0.3585259610700291
0.22053913803835878
0.4019787331396948
0.15814819448930106
0.4574363660535765
0.08756857762352532
0.7552183644879581
0.6392390222877088
0.42529356438248567
0.2999328386906237
0.10087866346294028
0.02492566898110926
0.8811050955981129
0.897093533186613
0.4214622642553506
0.8162000773059143
0.2773748295119727
0.6638447098041279
0.6732569236644368
0.7641508176685089
0.2507075201392521
0.6295099011432769
0.0378434257765865
0.8370928377841684
0.5310978823936525
0.8967170531646882
0.09385679664634605
0.9103041663722735
0.05462651623245862
0.4473655965483294
0.07869779376267172
0.24492350663928641
0.9361996212219799
0.8343403462829483
0.06552356389223879
0.07645380092210896
0.9250947480135415
0.580094728226788
0.6541377392619584
0.06087621005505239
0.18432119851772188
0.9554025913976044
0.6372299378792042
0.5056038607530794
0.661657563638232
0.21356559995990487
0.5434877770241914
0.25462269487696265
0.029499885416038207
0.6262242736671628
0.9859740804105378
0.044676276907992585
0.5040604902891056
0.29059686063400847
0.9787362251279116
0.2084796759652543
0.4064001913571984
0.3191096905924232
0.16537522198064314
0.7603168916057386
0.6346724460941753
0.9366790628005943
0.6993519801634345
0.9330710540261793
0.6533550947911558
0.9760107236982742
0.18250383296154915
0.16214661992178547
0.5706862127846766
0.09276183424809425
0.8424972650715992
0.6640507292084858
0.44921517075379935
0.5724654352569557
0.14119598535595157
0.6861825566593927
0.6454911455662798
0.07953453817881295
0.02521297816287915
0.19980426886767255
0.48874632969142495
0.8330894663951517
0.34432296573019183
0.8718447955579992
0.7798038974509459
0.9321284817832947
0.01778359026773557
0.3712051999788135
0.22694066146735525
0.1960684613852809
0.2219642638095356
0.6752726636484275
0.3224634174593729
0.48013586750206116
0.9661937037731793
0.8777343140275773
0.9241719988561932
0.34509242362230286
0.7881589494279131
0.7617686174411739
0.5836923518524624
0.131495588435811
0.19175140164166693
0.2734699972433746
0.5404939583603794
0.07716724622320004
0.7554969612786908
0.679933254562855
0.027467565332006116
0.8585051480731252
0.7627428258049744
0.8333436072717969
0.9033118511615637
0.1730666370797187
0.8296685020897442
0.17907486602159084
0.1576934448509607
0.230069461531611
0.4965582638820347
0.8787006458931738
0.8988995619815071
0.9199844705374093
0.7161144255835085
0.4909490105475639
0.2849926121426266
0.8118515596441922
0.30867500316220253
0.20771296504339143
0.04551780282861273
0.9824690846321638
0.2214903834197749
0.9198303850251528
0.04039598600734129
0.8566787109691409
0.6556726937356296
0.20419306692120442
0.47767844680329974
0.9855797972064797
0.593100706158741
0.5045473282120959
0.5813659472608877
0.061392282138093224
0.8566341003831548
0.9678539359087395
0.7521579166074487
0.8858492880844105
0.5881416801217393
0.29008767644500977
0.47185301262879065
0.7850198405698557
0.7802128077419819
0.6482075418698139
0.755371994029269
0.15956215461347723
0.0011684628455309598
0.18740799080060322
0.2412333517805637
0.8977195774883786
0.5246113528236791
0.9298895871759169
0.4123475815742247
0.79714184000293
0.9459811974486114
0.9416818077650974
0.6541961167100551
0.7315885933921555
0.84369915706473
0.1449178317427584
0.3964838064169739
0.35217626351763864
0.9089826215333449
0.9287168285626051
0.4737381600325785
0.7166256359523713
0.5457084750920593
0.7534153819139529
0.34375877714648495
0.7114829167037201
0.17682837702210008
0.9130516253619145
0.5794987422933355
0.8341452528299561
0.9587000999473017
0.8709092341264854
0.1426428058479975
0.1807335390272914
0.7029957931608479
0.6552688956334631
0.6080159862390628
0.8976401455790038
0.020107865129477487
0.8486732827209307
0.31756730459942417
0.16638400807030151
0.40058714190537437
0.8173136310794586
0.7402735301425146
0.004626752867384232
0.6812401887787332
0.048114870861432846
0.26348611115567966
0.7204078849888383
0.17935884808100055
0.8907118371263659
0.1779432811442465
0.09723229846915626
0.2218543125674859
0.002160045807380273
0.34173676615819715
0.8851287770160344
0.08596213164403532
0.33569668995443913
0.5813317594656302
0.0007370829861383932
0.4866552476522249
0.18784889484505085
0.2587573618202732
0.3489924100801314
0.7174719230202061
0.4202121983510001
0.2426963679354014
0.3331927648597415
0.9724226174055175
0.6290416198112879
0.5700778249019519
0.44769391216756516
0.12546124983154394
0.8408425100197089
0.665931070480076
0.8342100572770321
0.9500304064017943
0.9939687120797863
0.4199362044950242
0.1899096333927799
0.6411412878814318
0.31490941314467735
0.6133538479865882
0.3123520020885695
0.8619775212229882
0.4593870159229311
0.7158964537979825
0.14321994596786014
0.993929363593231
0.27701973283440773
0.8261950771472123
0.7938803778849809
0.7452987730148013
0.5006383201459105
0.20629016581789106
0.8609712119700375
0.01829514941649235
0.6179945578803859
0.8720428962458263
0.2043050670007711
0.3801001227559305
0.32237443904129337
0.7016109511564159
0.34190918114197444
0.8080294542484306
0.6082021273796677
0.6167394961430037
0.6699998910639658
0.6791928485397184
0.670321935931286
0.997277178689652
0.5943600535032788
0.30804329296967625
0.12876277512965528
0.4906684016907622
0.9020212479834685
0.6448340071003734
0.25327469928138746
0.9747633109572892
0.5690616040845755
0.6151564214542959
0.6767410247958978
0.13797601492801914
0.32834539875736113
0.7212885216882531
0.08389252956849225
0.34860981107829836
0.016461579861803743
0.7298094452092385
0.7425554686936517
0.3962078172234963
0.7235952256337755
0.6316934074633322
0.6144301908113261
0.77931014481714
0.4134400920738197
0.0632553613501533
0.7359453828736356
0.8263848009810503
0.04727045284813913
0.9714943462920286
0.3192299921501198
0.8850460273548475
0.7546931882569748
0.9322754744345582
0.33087914539742247
0.9917063075174601
0.7076169432710367
0.957661073560121
0.8707123391142394
0.9860397888323885
0.1935456831572916
0.9139172891152522
0.9615322088031826
0.6788175213228451
0.7973712030173252
0.9379130345255207
0.3410445342662307
0.7510271888635565
0.7838989780408065
0.4145273076211129
0.17857000927089317
0.35734951346474997
0.24542029425934841
0.5482415478421497
0.48797726244966655
0.5565496574238291
0.7035223287986192
0.4501861507657039
0.5092700537759672
0.12927153236480105
0.6024966880867285
0.7878253334052502
0.7331729750196142
0.24169771207674506
0.3534690417758224
0.5407537864277003
0.25231941771105926
0.8379164763408969
0.938760780544634
0.256525113850418
0.38301572484756763
0.4660285000550779
0.47338090462945526
0.8771430308488078
0.9507032426798361
0.4473907567822285
0.33206478517153293
0.9767186586833473
0.9701170844466094
0.25096238125642045
0.06390261739127723
0.9775451871055022
0.7680386576552218
0.43380926640382256
0.30494178782070636
0.6508224503047281
0.6095813965684791
0.9308500849791438
0.25332268147916415
0.25483153193888375
0.5343394867876087
0.46407860627613307
0.8933530356399393
0.007073693194423081
0.004416049874438555
0.6623346005788313
0.382422822355876
0.046274393687108395
0.6520255483216819
0.061619067929256977
0.5757089311116012
0.19136384410850227
0.25434976823581323
0.6085634026839529
0.4148086708866783
0.30952686109579863
0.8527113879059555
0.8868126168627422
0.12249619143861568
0.11053981570508242
0.416723094884495
0.646929685169749
0.4138303890434516
0.8939262442379354
0.3477514199203965
0.06227815373424361
0.7612403550941613
0.39494173042914826
0.5348957109700584
0.39114961856627817
0.6660091533159972
0.7384745825365312
0.6901750286873558
0.19589322090457528
0.6972787798059231
0.4958734655347402
0.43184979728052986
0.40182812627384656
0.6701293730943312
0.20311691503787377
0.8317921372283479
0.0625501047734075
0.8850655760165212
0.3613445682852757
0.25803283457710646
0.09107249260554251
0.3225460272665702
0.666020491219725
0.34175868715524405
0.9568226063020511
0.0935976941911737
0.9896438290990857
0.2684855796067426
0.15268519918472545
0.11704865168248191
0.011233061804085565
0.9707528172595682
0.2989171295625864
0.8239771853739282
0.26039980024591924
0.21389679176288945
0.01355858446969549
0.8361867719125188
0.321480085945955
0.33745729172464
0.36127732472430585
0.7304450447863913
0.9219948716776883
0.48100736421931267
0.14526339241828778
0.9287274317906641
0.2646337615806881
0.5773091982961372
0.045397087788006996
0.5905352078646497
0.4561186655168161
0.9208535284607511
0.581531674732782
0.004307721477176618
0.6932065990702418
0.7807461154631918
0.987321804235426
0.5056833647445639
0.7728223256141965
0.9445308154831081
0.054894850199685985
0.23238923320321547
0.6025871090724255
0.0978797258325701
0.7361068332146709
0.18505199726732868
0.7214694351234056
0.4888919461206137
0.5002678364798819
0.45926111071893716
0.7821271361192281
0.07840574191256422
0.7758205727628879
0.1246861397040987
0.8180084512481405
0.8297516737115743
0.705843131027477
0.36497734246260094
0.4822998534573436
0.582908017546473
0.053704059317157604
0.7095793232173851
0.16101262758934065
0.6550631501708052
0.0060424391354865215
0.581368827957916
0.1771463924277039
0.9544402249847084
0.495507234870711
0.0130304844382505
0.720242063139245
0.09814318118601117
0.04070543275990823
0.16040233323917452
0.4099804775508087
0.0034011522277350714
0.10778043501578882
0.048657809634457205
0.7710855396655885
0.13164466861717694
0.6778101766450055
0.6922241366896527
0.5822491790076642
0.7838176444547467
0.4148320039361252
0.9969411336984219
0.5258856293283795
0.38483940507790015
0.4399543504432424
0.814812572218605
0.4529345015416596
0.7476445483699178
0.9967706423035967
0.29681525005905096
0.7661158428538889
0.6067145244113662
0.9373600014208087
0.8642149626552115
0.6880429444314131
0.16193076374456694
0.7421165374430567
0.2589633982497561
0.730398773259181
0.9786679361873393
0.44200230070286417
0.2725724123034422
0.13128513138583997
0.711965812970616
0.14009823787491726
0.23883706725013487
0.7590205293044121
0.4834549871010577
0.1862379954894825
0.008710506552681352
0.4590023747010742
0.6543549113367721
0.9711203320062933
0.21098564434687794
0.5597148398778307
0.9813279029004072
0.4196021636252436
0.14572393195151145
0.6021053458022153
0.8001529981637979
0.8022682531693002
0.6679275280548639
0.6468276993267787
0.29433022312770774
0.719767215773838
0.9545660033260673
0.1369338154777422
0.809499107313529
0.2646745115892922
0.6112369970329692
0.13591669569842402
0.2509381701600265
0.21053375292355037
0.5236445233647351
0.5838266614463313
0.8392532183640217
0.502757465325589
0.2410281319086206
0.26443203014524397
0.05525556620732086
0.5219693198136902
0.466339770530256
0.8467393541696877
0.05049227946862489
0.16431820037816547
0.6538084905660825
0.7244023593581912
0.9637193004885023
0.39925063384701087
0.7366824010590088
0.15445975901585107
0.6929132544392242
0.5514761671989121
0.23603681382657815
0.32314918140649573
0.06691552806287782
0.5743044937943582
0.15702896530390575
0.5152774255785751
0.8483691300354959
0.9681897790617989
0.05540904886012199
0.8739938877304737
0.4865509903219801
0.8104682075646181
0.4158217520680646
0.047920270069258586
0.3989404160344523
0.951666827880234
0.9921467157762748
0.3309631420254894
0.6839303718120829
0.9780610698626216
0.1198063267677949
0.5595879502793494
0.8686311441196873
0.38739532112622865
0.44927541133659843
0.31315110065387297
0.13953171049254298
0.3233319018199099
0.5823655991899137
0.8770363048792924
0.7473868804488714
0.3338847580640675
0.5112320486400598
0.09033438741582256
0.5607761069979734
0.971536645522179
0.7145850585154101
0.4495401607586328
0.6144792715508713
0.8548910506312087
0.1661422390507027
0.30329731730323617
0.9190794653191615
0.7623980420471508
0.8881091260550286
0.4572673516489961
0.12213542207988048
0.9772736379279688
0.6949174670955502
0.745961770607696
0.18207625284585527
0.33177376225781063
0.2088897546025399
0.6869261146801657
0.46779790147783873
0.6151505986907577
0.19894837295707712
0.531477392772947
0.3668330081555429
0.6762307235458956
0.8669634577452816
0.8318592985637905
0.07423917297569993
0.4259895264139387
0.2676589887965294
0.8814219611360927
0.4705170018179461
0.9301586273691768
0.14761065374483195
0.09572842054132213
0.12284796856579139
0.3706946477231168
0.7408559888341166
0.42226636431203557
0.9960068754508685
0.7985409613462484
0.4173763646340837
0.9195136586516115
0.8519950371852045
0.28519999584285527
0.163693910165831
0.49629834834325903
0.5405300357359808
0.4272030848200612
0.059714501678430065
0.04764812062365009
0.3225563953292231
0.5545754241676565
0.9125439598059186
0.9115908100993733
0.8606046000422833
0.10762419249870658
0.5251693700313714
0.5320825791640946
0.9836885081030871
0.8364592527272942
0.1258391465378127
0.02290643827569394
0.9718818395967158
0.01869851751631979
0.9955992100191124
0.2165023421611596
0.6324501955826053
0.7969690473313488
0.6053023862494498
0.41708695213541547
0.9683826513315806
0.7265578376241052
0.17122949139248844
0.5360810168143446
0.2941948395204751
0.9770680229894152
0.9255325752776207
0.7309819045536655
0.8025351261878358
0.9316813561240023
0.9341283626255955
0.08973910632365267
0.7802661567731775
0.4509371314297793
0.6457555748082984
0.3819360435861221
0.4178653177268449
0.849796784415395
0.3929393496444654
0.3131737021952157
0.8606166748467589
0.5604793111296144
0.102068400665556
0.5608637414867333
0.9102815385552133
0.7167064217256846
0.23603806411537687
0.5463556117850547
0.033126656151475475
0.5702184195861558
0.6979475147498277
0.797811639158344
0.4045515605273854
0.0033482809888075726
0.9887085831589374
0.5282924834520993
0.8554630952659914
0.5340998677605936
0.24160315813789468
0.08448739793561966
0.14731211297917668
0.7200986494213456
0.6875601449104198
0.9675496927982792
0.935618119357108
0.4719559825179367
0.22883099757670577
0.37595313544678377
0.006203343784926818
0.6064856926739176
0.8501817298577982
0.1552374785560805
0.7134416524795032
0.05747495282831827
0.2755781715970371
0.08516805446176468
0.9921607346898402
0.02692258848143403
0.033652429209694135
0.5694574444444269
0.45904718245283227
0.3421540616350339
0.7418731236567773
0.45364101025133796
0.4143576821274765
0.5410089557077035
0.14167933260726773
0.7656735567259997
0.4705059822533577
0.0326748365634395
0.2723606601198877
0.37446631309003797
0.14814304237425024
0.6818892987498703
0.20232077570358253
0.5389511005306745
0.42557389735998874
0.6160364717715957
0.24629513768866484
0.6389836478549534
0.7265663527025927
0.43786090114237997
0.5428532902400037
0.9623820542819608
0.42143775300376385
0.07084450341526738
0.7462138816632509
0.1666458688303909
0.04843663663450448
0.9529116713629153
0.03564165069253156
0.13904503054454487
0.012032746418070284
0.8769096584581845
0.3225412946066353
0.6183279491653488
0.5290545890615311
0.12822842688670166
0.4296517917741255
0.4878256809370186
0.497952187144568
0.658188657583562
0.1967217056606707
0.598565454184803
0.6555595373560527
0.47228767217969725
0.9263294139233866
0.7456062827765193
0.9784854368167532
0.06649837246129842
0.6832754380520162
0.9916853192977428
0.8640693214669294
0.6256517529747965
0.15285302614212204
0.06889387852761497
0.10923410149979373
0.9594437253249378
0.6430847609842733
0.4063869034150883
0.4482659385169241
0.18662184700337514
0.6239617898597835
0.501459035207953
0.8187298172849548
0.1257825397047525
0.03462060653977839
0.8593247776237559
0.6285361554914787
0.7280485614737194
0.8101925376619322
0.23465789558270556
0.7252180049478318
0.2097648492167541
0.5313841741581287
0.16745871544994595
0.8964888530232162
0.5632922899555874
0.6891905833808016
0.178396048485009
0.6110557885679684
0.7043678040386758
0.5279907506289079
0.1249978475964999
0.7558477495945364
0.9811322502803383
0.8673130166700965
0.9104703910674489
0.39129299903407944
0.7794925349156511
0.5122077538123949
0.9853296286028076
0.6404004963965703
0.03569389941699641
0.012470631837907087
0.1744979630561585
0.2049014417642414
0.9120233441080611
0.9930246432226973
0.5310555839988275
0.5536363216985888
0.5423327926418136
0.3326517753922409
0.6314080311884418
0.960413273703654
0.5771066240985997
0.6443942660643683
0.01455125602327223
0.4771716078480287
0.5794930223036067
0.7391120550659169
