0.09211096517493589
0.5278521801375285
0.583340130194438
0.2786416841980648
0.10301965196337814
0.9540242590361613
0.7033199831891265
0.78480021434598
0.46323324251705345
0.9546390526700692
0.6597936244934078
0.9325776299072405
0.31216333519662964
0.5916222807675529
0.9993183264938297
0.5389074889307623
0.6826281444575575
0.9754642935846715
0.6609458114850862
0.7795598462681687
0.15606655334306607
0.5336616539795028
0.6181801521062845
0.25894110835299367
0.3804012792924103
0.18221218428973074
0.5551948127097824
0.8287508942575962
0.3340785325355853
0.9127829744885453
0.7747890350067547
0.35282180467433344
0.8695714607966428
0.6644203156632231
0.3637297584965741
0.8738909244958275
0.14715028640909422
0.9458427184375676
0.9520260847479244
0.31607960768439636
0.2855563211989868
0.14092325232543113
0.9631743264353629
0.08021281165416261
0.8626590070529758
0.9296560224285464
0.10876931026049375
0.4924552799215931
0.23948528274567127
0.5858021816239325
0.2944698541987023
0.782864973867204
0.8695225792961179
0.07224882170298541
0.4678264691103592
0.08987435278061229
0.8950805404811344
0.5944079459878829
0.8963123580045858
0.6830688710919663
0.5590327157801661
0.8793914318677817
0.7507109594043264
0.3982295654173654
