0.6488740515213759
0.39465678372554613
0.2752640729638004
0.7532500292729117
0.5965620132746505
0.7289626467102125
0.19349234005291893
0.7254218536169633
0.10629358955956036
0.46099765760652744
0.9046143731005686
0.41813820982021555
0.26007519142209845
0.8222477790272396
0.3521772904988686
0.3043776745358697
0.3605555843791075
0.10515320184913612
0.8933303104684649
0.6407458732984839
0.1325983310401866
0.3969358315559739
0.7720935039009855
0.4072351465693317
0.23123960840161584
0.18814689356134384
0.28704177767657
0.7267825042437273
0.6752079582508874
0.780808355414195
0.74901222175415
0.8127079196838144
0.8368727820939912
0.7272834959832553
0.6621530602927281
0.272961231820402
0.4890478320709788
0.7080146979209644
0.45767968534864445
0.39470614446812435
0.9942354517991923
0.6344429099567594
0.1852623205643925
0.7747379069011139
0.5712199365641958
0.43100191684555744
0.8399767975757112
0.6634619362320154
0.38062653260684376
0.9559284555952952
0.7973978489509779
0.04434575259817786
0.38032316547082856
0.2753276961343327
0.418352908534682
0.49711392995577774
0.1404378780443769
0.9790657613313386
0.19799262526914718
0.5381091623708284
0.23793527123344171
0.2584372323326418
0.9568871747839939
0.5450120317286592
0.45558858310351913
0.7275879355874839
0.6486533218961148
0.3005611689832909
0.8245787157937012
0.11791834604073059
0.8223478648827821
0.07547610417357331
0.3666070684816253
0.4778661404786696
0.7177777290265915
0.009366373473026601
0.16077456297976167
0.03448326248331224
0.4807901853180062
0.7585432380310045
0.5048133466043283
0.5608376385777414
0.13803418500926945
0.6362349383594836
0.7480989789774417
0.8098848508962829
0.9965872221940337
0.3040714500670284
0.11559037492426494
0.6988179961316573
0.26752028664591265
0.22469353487997257
0.11956206142157821
0.4595045202091306
0.9874950078159489
0.5476182531066394
0.14593571513374481
0.9115896076774945
0.3080739873049867
0.8819630713322878
0.6350222038775054
0.9757593895318142
0.3708785040534397
0.8926708080905099
0.5566326770503486
0.9607401049438938
0.7941873334562672
0.06566494199157236
0.5831728243671896
0.5660157478909713
0.7453959377168974
0.1465715645099921
0.2237501296386596
0.9019270748177334
0.7884730975506934
0.8094972851159483
0.4271122856222229
0.6162027296003414
0.06907653636543332
0.19205512822768944
0.8934744979363831
0.31479305507571165
0.5392337381310344
0.8130468961362959
0.18024531173950775
0.09340745998453304
0.9148280524328268
0.653318781798608
0.1580457757849264
0.4862810642263493
0.10378944857250294
0.6584160514099094
0.7572807844144063
0.47326592376012777
0.6449357441240473
0.9696786624607802
0.8999013400248278
0.6110621706870157
0.7104834796404194
0.0481145244277863
0.8337188207587278
0.49073072853853317
0.6876421559760727
0.9500955381485672
0.6570835220908178
0.8816721697103457
0.8496042350401111
0.37322802899857876
0.28896974317186463
0.3946132244358391
0.09839311493381264
0.836980036760249
0.23908650929464192
0.23707465856467946
0.9662090917095129
0.2168958887568938
0.761960557812332
0.314612690627863
0.94899761171756
0.06575622809992676
0.344919427300327
0.33077259975140083
0.42828962205781196
0.34113342047356576
0.08372287878252693
0.9390248901692168
0.5611684034475395
0.8656734998833384
0.5098000187151104
0.7198815018904887
0.5463284789686955
0.9907415107612113
0.5636867350176802
0.8079419136281396
0.12346992726962869
0.04199752920130173
0.4616580390841638
0.22147190581491216
0.867917969869156
0.33822822628930793
0.764325021330215
0.43593239050115473
0.8578531244297689
0.9121259243486796
0.5290482662886968
0.8395682060105836
0.5206923513204329
0.7874954818332094
0.5399996620072435
0.4161491988414937
0.18312543807684378
0.6144697461176789
0.05143198279675487
0.33677781331774637
0.8380704080403143
0.11596737936148638
0.11299087987548284
0.8357225238559592
0.8042449840508024
0.5703119458422967
0.08008519830545613
0.5335617795780846
0.8151314007576979
0.08946279155681613
0.1595934300940075
0.8511426216190141
0.6530664378752904
0.9749507878265762
0.7689786744139476
0.6223419386976984
0.9377568462835467
0.802028248026802
0.2591244621664788
0.20220495319250065
0.0891859590471289
0.7723832951835194
0.46252738318073505
0.27431667803802273
0.35281162200369154
0.1517965281733743
0.26344072726152656
0.1551667297150513
0.5088544577874
0.7979794911594023
0.7529090305006637
0.3067533699888999
0.1288396501302015
0.2998195810644294
0.9393031551978928
0.44069904344131017
0.19092826126826912
0.4956790006706927
0.15591542448495288
0.32058100430905145
0.7930108235260903
0.37250813800516736
0.9183248657902615
0.6343543717064445
0.07871120633398221
0.24315756293469237
0.04547454854909083
0.4298294722624122
0.0807141902446793
0.19115441461645366
0.12484440713715783
0.6577365982987387
0.431672210600869
0.8930329280217446
0.3466536540081565
0.6628727893135608
0.05345401229498625
0.2847826800122001
0.5282574062571356
0.6542948623706228
0.11587335220661577
0.32826582368342805
