0.16054326442726718
0.0005398496671554787
0.7165946759437695
0.9676616313780042
0.0981629223176258
0.9516677409334966
0.32965342930910757
0.223058194019092
0.9319516417647725
0.930304566061786
0.7259488633155524
0.12767770513775079
0.9821635129718864
0.20743676264460365
0.5343080533168983
0.6667138922859727
0.361630432038232
0.3425881630434019
0.9959342179703796
0.6191036336877132
0.8555982125047016
0.2855018035173915
0.254584254284018
0.6506865622726432
0.7238826958321092
0.3008572152961364
0.791355619665623
0.863781400883324
0.16408091437350147
0.793800819659133
0.1544463817003875
0.8331157750905998
0.30442273235859085
0.2568636435856978
0.6821972309666762
0.716738614786857
0.9676972385450893
0.6021837140285384
0.30807076990522597
0.2560088765439733
0.6687153040131758
0.9505636343354437
0.42363774643031105
0.6298718858457146
0.18772046230751982
0.45491382077619436
0.15619471731869528
0.7238013305416106
0.35839849725340656
0.6520370657276084
0.7280697703090965
0.1773804304133758
0.1622388494260817
0.39813055273833076
0.23286544165032919
0.1488000673659886
0.14876818405187597
0.39935786116129857
0.6734503943010726
0.40739492624107165
0.810872370796626
0.27980104631243896
0.16039371797208613
0.8426828589194456
0.9840966094127033
0.706739875498867
0.342552028943644
0.11455348929720088
0.15525518521787152
0.0281807547832873
0.4485509793320066
0.5042585891599282
0.9445933390956879
0.8025117838819904
0.5497764522838287
0.6607851439395229
0.7773744968002833
0.5665188204701589
0.5123873855466186
0.5849644223972389
0.402423666358387
0.6647399799289992
0.9403757963532435
0.5489173275751743
0.26389620117863877
0.17428182020738692
0.7592968951733585
0.1434005696887951
0.4721748845617325
0.6088043665324256
0.1439435563155067
0.35089938869940895
0.6442819541800007
0.4723763444451027
0.6361319828582782
0.07662839473602379
0.662539954024497
0.20894203555106827
0.6825652399002714
0.5791911713877211
0.21974395904251787
0.4374776693432909
0.9238193256201407
0.5583497434021599
0.10725647431482954
0.4514891338478414
0.19213569251594298
0.11298879840784704
0.1557035266201533
0.76095670148803
0.11692175962368101
0.6342083403104957
0.8273661638873485
0.6560707061323153
0.4368970049758162
0.8932048175376452
0.18085486123607042
0.9208335732858763
0.025308855661276608
0.9129031144529035
0.40140214525742357
0.770034288149987
0.5110067956399877
0.7696166903867124
0.421048012771826
0.027301948127455233
0.9754341859660147
0.6777823898516903
0.01978679365226088
0.64492531352985
0.2288985881225868
0.36141683170015637
0.4544123170616573
0.2933180784019601
0.6306600106070194
0.8119577751858393
0.9506569691981216
0.9325921273311448
0.7140243383167371
0.23960120203866397
0.7724434063855471
0.6686590616733089
0.9607615909282805
0.5799459258019838
0.0008096686752024906
0.295295808116251
0.5440874940172692
0.9060245436383836
0.5542968910719196
0.4905803698912572
0.5326491181931582
0.9297109181598323
0.9989891159269817
0.9907416185726607
0.9678898884314173
0.7745380137945068
0.7214618813626374
0.3273135558345387
0.7313669424725345
0.7536406116566629
0.869826346478852
0.1259965949548768
0.2343961224818396
0.6282212909347737
0.8421221220886049
0.3338560210426076
0.027346125820329692
0.40726703892856686
0.7623505913244234
0.6421156050977267
0.20510567232699517
0.6536115521052059
0.2264503739999144
0.9813657746725449
0.9653248045645857
0.10923182566144829
0.40727785858515986
0.48629623090182605
0.15792344557523297
0.9650561866674436
0.8991123087471918
0.443872108375313
0.3982661752617507
0.519956956352078
0.2544333681615427
0.9656825267349791
0.15295102700391017
0.5544993802108377
0.9495565985474245
0.2668999998634043
0.2776488685944287
0.6459949020146077
0.8261989886694088
0.23329959868438566
0.35594041089449624
0.9629093828786165
0.5115414834014326
0.816118702323598
0.07445719315068167
0.8410183699251768
0.07434985224574608
0.7009629242277647
0.46861433715308
0.07178640408969172
0.31619540304188576
0.022053229979222766
0.5744251923522085
0.20519827532207824
0.5449773951455301
0.6773066670313513
0.6175568835328166
0.155857390336398
0.8989460136505767
0.5672820771138102
0.36730822551174824
0.06620760497736011
0.7590166985909258
0.23380974928759657
0.8537841740553856
0.8954269940351028
0.509502145343374
0.18477081657400085
0.2523038048357056
0.009868843770988067
0.7650676980494204
0.9488323187382038
0.4725432734745947
0.804573841643617
0.05144680308033012
0.20875509858019115
0.332147862994842
0.37405235126783376
0.4390286109662481
0.43033217721993033
0.6414770680318015
0.37212865708226517
0.2773944026066939
0.6589799100926188
0.5781001660828682
0.5917716073795829
0.8478126003093421
0.6511482082566625
0.33765268862042286
0.7304601208234877
0.8768887957883628
0.2378345728443061
0.462077323880566
0.31030692271031035
0.3867550011247237
0.27402118594660074
0.9753429021154773
0.9490871867895407
0.8204080385555212
0.8519999494813428
0.3640039890111896
0.436366773199633
0.5633975340623343
0.9506740176249874
0.07522381459384286
0.28201030189133713
0.8917885584022577
0.48204727442381146
0.9508317236539363
0.6115806531450386
0.3246070516251255
0.30953441668137427
0.26732213508991276
0.729298781498259
0.40500718087935195
0.832993568563391
0.9001191940186062
0.9792945513360265
0.0834036720144532
0.7880107937570788
0.5231467716261369
0.4947131168347947
0.708816969754128
0.28511234739338975
0.5710801308634551
0.9300185295885046
0.7058162704418284
0.2607003497672119
0.5188674819780628
0.41613226744234433
0.8826732486572503
0.08310961144120066
0.9849575841269342
0.2417609452935432
0.5469855835994779
0.6339299158265216
0.3358213522836797
0.6318409015164488
0.962720849669948
0.5812011242422435
0.393626319530062
0.7579131140534772
0.7268790788893075
0.8213975681705448
0.18194039150305596
0.42969757744812653
0.2660779865471612
0.39346856544093045
0.3216498874708954
0.4880360173277488
0.633546458440182
0.1754712376109001
0.8599797909088426
0.6160058639629157
0.8686408930089172
0.07965891664213975
0.1265240468892137
0.5739729462104173
0.13925290341465213
0.06365863558483553
0.6000601347094833
0.9763208881503924
0.32621214359833917
0.575412033966388
0.6191779128723978
0.02245752865674644
0.12467451351740844
0.36240493088277315
0.8972941066062503
0.5475829481883003
0.7314658798237837
0.3957880821818628
0.34142058478204207
0.5774066446033519
0.8311915873055368
0.7643676345159992
0.8256773319221574
0.5645977052981501
0.7556793517248586
0.008352362971002614
0.11850928716390374
0.32258669403054085
0.5626160104199047
0.5631008049966193
0.924074058901644
0.7680477765509245
0.3617633116239841
0.9456384554202982
0.7092491109223518
0.7163595444982133
0.5687951302647671
0.5872291192297024
0.7747607065985436
0.9939959506662764
0.8961944207214068
0.4524058918559253
0.2537571532108386
0.09077152865912408
0.26654724447099787
0.8220230200447727
0.6818265434433152
0.3634702934380847
0.7697166105242779
0.057975054954270355
0.688043999329161
0.9626636452258307
0.7649116383903417
0.22583031943346477
0.7761301045792409
0.9765940962792867
0.11252787963736066
0.6656740388454404
0.94055689531477
0.6690445825231212
0.006163339254986022
0.7883565939834125
0.9755322950082043
0.13510119331088077
0.3526654206797346
0.20790235718589423
0.436576725314719
0.1328321059632076
0.3526814735007262
0.5651151385577362
0.28566318158032733
0.7483827134655784
0.1867538636947117
0.45792698129226095
0.5867438891856218
0.04166118104005523
0.20220502456405343
0.35006984329133584
0.465613417733854
0.796560092543023
0.3649634104606234
0.5283078696113953
0.9104580920208681
0.9438528068696616
0.6138226373272198
0.3410997119590279
0.02415686715471832
0.5922620201074024
0.6162799772000104
0.8224252025896304
0.08908649745691932
0.04980805850388559
0.408882202763459
0.5184463321243135
0.6258959542445394
0.1883878466723763
0.9960403273868046
0.8839073898820446
0.4979179145889485
0.015307368832718105
0.3166088229631626
0.5011577129275504
0.6550969266134864
0.33543337261864703
0.15290407537792583
0.3018946267081517
0.6264349107075139
0.3319814614814519
0.5539451378891418
0.01787602615741979
0.40767954902437675
0.44465012947583726
0.15567424214001857
0.9183399796658442
0.433239956318202
0.19973532315053788
0.35868550529423915
0.46406581395126056
0.811188029570193
0.8870335272870539
0.6263739162109968
0.42757078833316164
0.5575015857941923
0.1525924415922456
0.6663732795479287
0.08853571808633254
0.6589117798412811
0.38401112219006195
0.6035281145544092
0.640696272133223
0.67763017980655
0.5364711090327107
0.05506918695595364
0.18412666779977116
0.8985655089671913
0.17762923999797764
0.5194945993487069
0.4043720865780882
0.49829761101998993
0.23589642647221543
0.8655367100826712
0.6287924210741874
0.27014650466789725
0.06791858204863455
0.5333910882259361
0.2533293563692627
0.6026416594589431
0.41220715601801605
0.2693970873818118
0.7137260878622864
0.39618798632184693
0.19807616084315072
0.6158928218198577
0.07786604482639214
0.5865856026205756
0.7535395815629643
0.11913936971236805
0.5219899703724273
0.3389201325516288
0.6895868484153386
0.14995280714070325
0.8323682209593433
0.6941963109601944
0.012129985172384061
0.05228738414822387
0.04913852316746903
0.14030083813628547
0.8520349662921617
0.2668917066222899
0.22464335393483081
0.9245735154300398
0.035584831255625504
0.32385967882478717
0.6841662363490906
0.31918523828998513
0.6700747118169399
0.4003984990552122
0.49262289487503386
0.9535088990569515
0.9300081715714247
0.22755464974582107
0.6068357643858022
0.03580129885747352
0.9224122494367935
0.5628413877983488
0.9078369849429803
0.536705010077536
0.2097792807241119
0.3446251669779081
0.836711606063108
0.19090816285998335
0.26367559973148136
0.012338371824513139
0.9763413128861381
0.497152758543588
0.44487110808835295
0.9781938676474242
0.7877959267903734
0.7663328178120142
0.47917520564401794
0.9953684050074818
0.49382919106750356
0.1081351926787496
0.1278930421368124
0.06280442556012467
0.3339476323527403
0.6368429925585909
0.8532762358775392
0.5736884031893501
0.12406588851730571
0.8610582703205555
0.3959227206708058
0.018042059891428708
0.10391208372736804
0.575424623013974
0.8302258862322799
0.9948498477734707
0.9170235920137704
0.40500215152952534
0.2640169315531159
0.24494735744326024
0.0662473612461375
0.2799785780802534
0.7387473909044124
0.6111152803201829
0.6044696231395311
0.6053592683351107
0.3598880830320762
0.640922006792097
0.35731550761471365
0.7557729018248441
0.6603417031013178
0.1581760685748006
0.35205403243154665
0.6698470649237589
0.3264608507221253
0.7941902659231698
0.1323945379664787
0.27376682792704454
0.7423997119108035
0.894420550603047
0.14946914703641445
0.3577943529688886
0.4936324810519753
0.7150507613512765
0.0977516796073612
0.2943017611527222
0.614521350965863
0.1278398798161614
0.4787880428148181
0.8998729497429248
0.5483358562835611
0.7375080804024351
0.9890471710893686
0.35427118208689956
0.4646376912188017
0.40291280089114523
0.7212136623477275
0.2106471958362709
0.3514217562962154
0.046892117054737836
0.6518562598437448
0.9738281030731
0.40866269854671233
0.8105133732531031
0.4896755047250586
0.6413451163667994
0.8031549253861503
0.6134930073417054
0.13880826627467646
0.08007257832253334
0.35512946172042925
0.3714564432042803
0.3844758779579035
0.479527909749483
0.7005323474000776
0.8087917291057038
0.14491064343637328
0.20837541016838967
0.018657629192322056
0.8097407651129219
0.6655895705048093
0.3543702864694873
0.9033972582006157
0.02724414571199718
0.20728145758008198
0.502781753393877
0.28234569839149914
0.018270180128240776
0.5760569498179591
0.8353158595291944
0.4502051211754511
0.4861285060252376
0.8102219802881402
0.04520486185731609
0.2755262462513708
0.2495772725023243
0.9582603025844626
0.9173817734331774
0.08224051952657119
0.005866645616227517
0.42082579007243737
0.21790648627086384
0.9419841205818034
0.6116300829393088
0.10081691344284627
0.9681853215880217
0.6145269333893595
0.9067317694004278
0.17323634330253834
0.3111639597118909
0.3166535438434447
0.8814052743110786
0.9359576363809784
0.22208469990658986
0.4812492510180323
0.9705073364387153
0.24571605282541042
0.9424166606134303
0.25908697519946844
0.33168815732075685
0.00416279544923992
0.6270540261912528
0.03239076820514242
0.9079219305762704
0.33822091812530464
0.8782733304129849
0.004796376235364663
0.12638514442847437
0.7688560146444369
0.3805244377836031
0.48022991081538724
0.9766640800149526
0.8484632052251252
0.37781181018608545
0.842118980782609
0.31722249373622713
0.6954237897801346
0.3495331894128929
0.7594101591024444
0.6504698838348598
0.5997298045145675
0.3311257071046093
0.2929929619804186
0.46961586884042994
0.6426616960542048
0.5047897367489956
0.8416134175324197
0.5980732159300053
0.30372338350654304
0.169782220152498
0.35401998608117446
0.9649174918570045
0.8172343816516267
0.33702419177827236
0.7424345432372251
0.5444472237182881
0.9839758429930363
0.9160223942729707
0.2935384826833223
0.7749568588796538
0.7537562597778792
0.6070552325314142
0.6957021073246674
0.3407220930160384
0.26311244218004737
0.597549115454386
0.7209450659140001
0.2710927218454544
0.9263290999680986
0.855480555366702
0.0515373223650375
0.1978095284172241
0.8752041259442387
0.9640894400974318
0.9402062332420357
0.651805955959139
0.480093535427053
0.1598865002394233
0.841900506643441
0.8949336448929721
0.84958182009397
0.9334371351198663
0.2058226218450514
0.8471197242510589
0.6843009173876208
0.8655321221729242
0.9366771686017284
0.6302378870170339
0.438937218417939
0.49023355711603167
0.39008975270690727
0.3957218070471752
0.012915420621870677
0.1639710127999615
0.5364337484874039
0.006434187291774474
0.8681811754618657
0.34098272073863456
0.2140635714210194
0.6683150786980487
0.36970215352589575
0.06555991038328979
0.35273154078386304
0.26660762347904554
0.5344870119723963
0.7715511670284049
0.05118156638199611
0.5701443736602038
0.4979541086437477
0.44575362791619066
0.7914025228350481
0.726441677530841
0.6354683364275977
0.6965800776303294
0.6361346244726169
0.06557417210244065
0.45666911395547916
0.117026275838499
0.702647952694936
0.6496601979041033
0.6544109193094708
0.35435420718191435
0.21444492541913707
0.6445226922726529
0.3490555627302101
0.20323938071602476
0.8219586408807534
0.199326795088972
0.9675144326797058
0.7578656752576739
0.20860029243269418
0.013724753311434634
0.6261265939973413
0.7305313531151888
0.0608337464921237
0.28581443611798385
0.2679824290018812
0.25631766070905615
0.5413194386180128
0.4358135683573693
0.631252945919463
0.47286716410858354
0.1564136792202031
0.20607924698884084
0.48799831349007894
0.7683342158297677
0.35863651518326456
0.44178631548601943
0.9824929021970098
0.880414018525961
0.5867772117349354
0.5862100310733678
0.7733656033029135
0.21242233269201627
0.6090089220766792
0.6196425883015283
0.7697722194094101
0.593150570612767
0.6741841024367434
0.2309804618136133
0.8613106517084334
0.7627908265599914
0.8247960382734649
0.3552206496366537
0.16821149698794335
0.504586432141917
0.018668780198528467
0.6542039170248259
0.7896568490020676
0.7230051610354113
0.7193814080669056
0.4073976414775434
0.44218034784042926
0.3296206643834716
0.5676735305314835
0.020374587202271477
0.11561145492503355
0.007114648911609733
0.4568658076869141
0.953815757065535
0.621845055426766
0.8932140419823608
0.3395124995568791
0.763291869322864
0.28581694779145805
0.1521353524859248
0.36795365104256617
0.9938468604625211
0.7372168535939894
0.5801662575169191
0.567650547412617
0.14733783385850463
0.08140905392254938
0.5982735754830986
0.8390945230742319
0.7551763206665411
0.20914130167817613
0.8667805003122856
0.4750313293887857
0.1872280528555651
0.6029603580170321
0.4491059894973245
0.7362056770890344
0.8250100998342862
0.8586395143314066
0.7767255851030194
0.500923780561064
0.9091136548054055
0.7214551693808348
0.6055688242880923
0.7973724682303582
0.8933156898782507
0.3477413344980491
0.3048735869399878
0.6052640141200433
0.6151684391928095
0.3268046675145322
0.1337979357119533
0.49407560550778573
0.6789084987949568
0.18446657248234877
0.38524799706200774
0.26694819135205783
0.6611080439929305
0.5088169942147388
0.32202347528291675
0.05871483337609673
0.544263468935959
0.5307806023300923
0.20921882863236185
0.9256306770437693
0.5966376651241095
0.32503107688793376
0.8478144970660481
0.7324023213661597
0.7050216685006432
0.8270068982757871
0.9990727763994038
0.8882840048290075
0.12176057221758307
0.38221209149077384
0.7201031240899377
0.24449772534427827
0.663448238161574
0.7323497909786457
0.04075467619584272
0.6384771329730334
0.521551996279167
0.7503884939849561
0.9292683261606676
0.4874175441140327
0.4930819792547636
0.4751770113358489
0.17825783364525905
0.40179525469615873
0.7022682159403287
0.7395164776926064
0.6638023147177292
0.1879982092844137
0.5421297079545104
0.3410213976960361
0.05283268601518054
0.13244988314748718
0.30166565978194104
0.025723117673938534
0.2504746383793809
0.9459591374047719
0.37418735576589324
0.16984819298836884
0.08660040282737236
0.6906126670017111
0.45939647421217245
0.30913829461984976
0.7098164400883654
0.6578345359608045
0.7794785532287728
0.4248641050881822
0.9752595264018546
0.24842375801359573
0.0642395399709309
0.4199096508049809
0.14678232176772388
0.3636509746619956
0.038271000081071316
0.594972694797285
0.811884103389779
0.5946600431796576
0.6661518263327393
0.5082828828329388
0.013223134048746532
0.684508038559327
0.0009319552927681274
0.6280576406053695
0.06458338593256219
0.7104027813710909
0.47380986435821626
0.5367168812719971
0.33877513335250464
0.2757384978832902
0.7066042911406712
0.028631477629401436
0.16772791613691496
0.24570025421305242
0.010264579191788581
0.7393684309589755
0.09178140906605348
0.1393326426355671
0.9468971297488991
0.28822970195765907
0.6376392284089384
0.7587566520090832
0.9786112996488847
0.11396045190096626
0.20173681839457214
0.6878225414350458
0.8761374671318127
0.14912485421835864
0.5123428140015992
0.24382208169952924
0.7354461987919206
0.09327947134293124
0.30109740580833577
0.10970585185173265
0.25762256057248645
0.15697948860304034
0.34348562287176665
0.6306325530207643
0.6807295903199525
0.18305922862031687
0.8568136409759873
0.3781204985247746
0.9148243097385175
0.2150584713966186
0.679667624094182
0.6730582343451798
0.21449786421912154
0.4915103992740022
0.9128434406930747
0.7251870845655564
0.9830059821847412
0.017833320819936604
0.49193436796804546
0.7967977532040418
0.3558756173612553
0.9109300985777524
0.37653073267735593
0.483070472817998
0.5025161676391513
0.8661102966926275
0.8351550978364041
0.20496196607924877
0.6039551367166129
0.3221608215410564
0.4794879320576615
0.3484914874295669
0.40772835801916796
0.18459786451992977
0.9806551883191612
0.29828385924545453
0.7331606191093906
0.08535494585859926
0.02175034578573065
0.8364620623521926
0.7081435786068448
0.7776715267982374
0.8622181583995544
0.6033216815759455
0.9342777682611191
0.960124922619409
0.036699459009859714
0.0772478912893414
0.3448812827910943
0.6945524756375642
0.0749143733317088
0.6941194451016083
0.5783491289153856
0.9929699419980857
0.744579586270265
0.24477106952415795
0.9445022188832939
0.050500385887655486
0.4399610151301321
0.8940049374986178
0.8184383772064318
0.3695610872631542
0.8215436604277075
0.9438428752187211
0.8318906643357551
0.09838000024852978
0.8520640027241089
0.7791345315405771
0.700643487204046
0.5187119901344779
0.23152416451081215
0.2072116484471317
0.4081718148063972
0.7333507562629017
0.18671927105843955
0.692530930039796
0.396898760809411
0.4800385310015042
0.3778823045785571
0.21281829892619541
0.8423922349030827
0.34154084001154406
0.7735526032814446
0.060431317332003465
0.3750542022782506
0.6694180847287784
0.9812466987541063
0.7224416169095125
0.4171654903807188
0.6739419081072078
0.865167375420642
0.3311717440939409
0.9349329216450724
0.2979066243964117
0.9058017551824737
0.1043013186555487
0.44788086502279645
0.6271594956153455
0.6615599225671639
0.3993353337554518
0.764757089111264
0.42806440322020023
0.7845215707682043
0.22356481066066392
0.9189331987504986
0.6613904039088517
0.5025756118493142
0.30372615235442735
0.33479820320107256
0.7661951614149843
0.9886279393173815
0.2252177257233019
0.7167477156149786
0.7046880201537026
0.5580203131313016
0.5794751550780377
0.8906346989667989
0.844743327881712
0.8261250600873947
0.24414201662582724
0.010101032314880909
0.8888735354943079
0.1995913087925857
0.9699813880587358
0.05659354239564807
0.6722522117366183
0.0680048626053098
0.8588653097916721
0.5532528990320713
0.8750703090315103
0.12581925017720552
0.6657953610765656
0.2015227845133274
0.5741490458382627
0.46978162602572227
0.7820827701530243
0.8336438282518026
0.7326705639406687
0.6765026556491563
0.4569950047168798
0.4299799077983605
0.7497516283772834
0.36167014665818653
0.3861044839455984
0.37421996394438706
0.02110972755652596
0.8295456062916315
0.11645961291904583
0.729640017626882
0.6934990212528549
0.237674980049558
0.3064478498870393
0.6045025637321753
0.757733838438667
0.6071300549501057
0.42422763992497226
0.9013572841241162
0.4898659354571574
0.696293000680889
0.385683354806293
0.33373726191297826
0.5895883057425946
0.5058994573083692
0.33925380219553225
0.20316206799384995
0.20670078215045973
0.7308830894204107
0.3907079275358908
0.009884582269057973
0.944470837533512
0.2883418647252528
0.360507033739748
0.3918539997519058
0.3389425240430758
0.27484620964256945
0.7048120006364773
0.4110916387380703
0.9616672417732445
0.7066313513572786
0.31878366011751647
0.19431475808482723
0.3783018254277044
0.046945843027345946
0.31726464983288805
0.7853482183845235
0.28287148538611473
0.44704328205287913
0.1918776652974037
0.32335200373582496
0.3241885965389202
0.30889575220076904
0.6803786073735424
0.8485715955156994
0.09968267844986911
0.115322626508776
0.20233014817321215
0.9674114206923871
0.6476355037084237
0.2904182142066041
0.41042036928099246
0.3635296426748936
0.17825724160197465
0.48533103958260526
0.6752769084931186
0.0029032376905980817
0.9408921218807361
0.7993216757645961
0.31272845757025214
0.9299179201182421
0.9389322235455948
0.80916132917096
0.9660046822114005
0.43942409450366604
0.5470637526311182
0.6767664413379667
0.7702523626067664
0.1189167588686072
0.05627829117028593
0.52226274342694
0.2639696287374572
0.15853048215072596
0.14417155125030168
0.24849260172021148
0.039230521172516575
0.4430664118462987
0.2798162967965693
0.6677887677126343
0.2826130604306254
0.8240871602084681
0.5240373562980547
0.39119906562479523
0.7057236010848719
0.9049308886583785
0.2536983221326926
0.4978979651252229
0.3830147889270942
0.04114883988719653
0.5141946551488371
0.6924043118174401
0.9908108562410476
0.04205785844768328
0.19343439946970575
0.7178137223445861
0.7942527915213052
0.6778229144401962
0.03179145072413736
0.9018627505202139
0.4569624955131223
0.9762879743754963
0.10954785019561286
0.7350670858923362
0.7595435922161788
0.3161677375163626
0.2864186079905371
0.7249463283943167
0.20348724115178152
0.2765793281717298
0.15639533630833435
0.05165505512740065
0.18284172575311575
0.8204708431438399
0.9847035758577752
0.0223811170171746
0.3256867226617588
0.04858428462568776
0.5009890633407107
0.710456981844602
0.4983962575180373
0.40500910018833125
0.22747844486523616
0.7106542238928305
0.6036550701343971
0.35554311112495984
0.15654315617453662
0.329021462180783
0.019952023078037007
0.5621119556783057
0.5628114373222
0.6361074945496663
0.3141527209643501
0.5868053426270954
0.3680873896511183
0.503504109648716
0.0015461363009312556
0.05511234683812849
0.5985550707176461
0.3609054993069173
0.10097613163102381
0.9780196226536351
0.872618054023206
0.9590645916602355
0.41287247131435345
0.8778289018883075
0.9408450452744223
0.8967780007180458
0.879104641414628
0.9682144190282473
0.7774195877790573
0.22102715005627638
0.1083244911963962
0.7960770600010806
0.7007792065748327
0.4511557362246623
0.06518638387023612
0.20945493644772262
0.30859168685023386
0.5632861696843324
0.5512802843087302
0.6252497985612311
0.1876552901831564
0.9184085008122242
0.5441302352056164
0.5169949881341787
0.9244547812827054
0.504317124962877
0.9188368526445707
0.33956697947703196
0.05481694210275612
0.46252101091152154
0.5044814469627126
0.8716402559063346
0.3469092367298656
0.8011533472391625
0.06878869407409705
0.7289724254891954
0.060239955455865135
0.2620027906068143
0.653623652428808
0.5379098616928384
0.6894171284893607
0.27679175299511916
0.3426042871836581
0.20037689547319681
0.929909145793176
0.21416015775475838
0.02433402948944463
0.8163872517003792
0.2647251743518946
0.22086559302364805
0.08554839956390747
0.3214073169565981
0.6310616537012483
0.2339622456544106
0.3915245211842584
0.455808977451842
0.13209740621015842
0.40885805272259756
0.3939082461313145
0.24409462914740865
0.11410676685844312
0.4183051410846982
0.31028756300509497
0.6171302725867214
0.9129815728459563
0.09535572207877785
0.5932438701766212
0.039720195019017135
0.7460635870958775
0.3470495483406688
0.5549121363860807
0.7282213674032467
0.6108818093083765
0.4687241749561689
0.31200329328585075
0.16196019986104393
0.7015935682530304
0.5589809002024997
0.4295647516533153
0.45663674000338006
0.9109528570024346
0.5804819121453509
0.9329031614084466
0.06734803544758838
0.5424453883139654
0.2595406271462728
0.5793434542283282
0.836856450174569
0.0417308783959085
0.43853969223891653
0.7341452997039396
0.8908817623136214
0.787563509099503
0.9972187600359917
0.9118526306857186
0.5593509677369581
0.5270991919205082
0.8432740666465982
0.2752544673854668
0.8386696043714406
0.9379466941421365
0.9680031357116243
0.9433037876343676
0.27747534901428883
0.6218064664249184
0.3315890412044399
0.7531335439643843
0.13688959705671855
0.1679022461530567
0.9635182346880431
0.558511387296617
0.828193404775934
0.8619729757096435
0.9695083198178199
0.11316754862690681
0.3115218913465171
0.051604386504678135
0.3542303588922149
0.9317059170248423
0.14517302410124622
0.3850022694154521
0.42455001506045886
0.8288440332896326
0.37296866119544714
0.38597025476452185
0.472040129668713
0.921176981173247
0.15050641241567864
0.7116274433223138
0.222622320919329
0.3212564736274084
0.9474328913446448
0.3300243580226462
0.7414427937806931
0.5648237384441182
0.6034546315202154
0.5234104795746611
0.2087243534680001
0.5853907241983226
0.9538062491359607
0.6248438298472052
0.589700463780633
0.4530875526808752
0.16941551486872752
0.41691195741771037
0.502584752583193
0.692165378881295
0.6778505402867514
0.4824264157796976
0.6820665859755117
0.3823984270757447
0.092338771321258
0.18306504543480706
0.7316231747647279
0.9383738224138273
0.4611212062178036
0.7166387056478948
0.8333667420043301
0.2238556181366368
0.5451237061501981
0.35558439671641584
0.8137357288108876
0.642216836735428
0.2574934941528385
0.9763143379471875
0.6470289402698848
0.33588277165840164
0.6033508812473477
0.11459639951233302
0.22288804302349363
0.8566159963384036
0.06728604132266147
0.18054522612675394
0.624481496884244
0.35472921946306923
0.6375045712745059
0.5148203537553058
0.5790231013981231
0.6185921898036728
0.5288309646977339
0.050937484592823434
0.7950458660182234
0.8965202503478186
0.21683652671668008
0.7677379289100432
0.8347860720211828
0.47282014838225916
0.4226069710516225
0.11038149696946731
0.6643097320132859
0.6662970236712685
0.1557908130172292
0.11676951921992318
0.09367274261617864
0.519612453456607
0.9500144236235206
0.0076007376771011215
0.5233627486194259
0.13703403773938239
0.4140815205063385
0.4001870414657104
0.7913927626523002
0.8590213020605116
0.49947931188349726
0.5099921942846615
0.8563177433300416
0.15287700636794765
0.38274514078851707
0.036942374966490776
0.9644178686879555
0.3684136865620512
0.36369510603843747
0.4376714432171901
0.11075552430960045
0.8226992814545706
0.04008770656885785
0.22217977510476583
0.5235075315483408
0.6654079351679154
0.3401622897822253
0.037997844133653036
0.9483226603232853
0.3046919166951072
0.9345299873059253
0.09122217289484402
0.3414173443618106
0.21019575606447127
0.9510109841886955
0.37122488856149394
0.9937745585044272
0.27211656114861604
0.25882086378666347
0.4819178919749554
0.33255835362948516
0.22892413010910273
0.8686081116549773
0.5020534907838596
0.24546434367400471
0.7738582269960563
0.5005571300807029
0.18162836966749507
0.7775254370619964
0.4651692766256369
0.15549625474577378
0.8058863776297985
0.6595588540654687
0.352934111584714
0.12036547421177146
0.03616210430161826
0.8065184937255808
0.6235944871642114
0.9508230166695196
0.7008145729652748
0.773328992827618
0.0338779969972699
0.7043268467308454
0.8761865271356123
0.48747814542678736
0.6307265143651587
0.5376759567588129
0.8967748569704018
0.5763606350691715
0.9041648470637941
0.2075499630436436
0.303487139968994
0.12057924034669765
0.98800748622256
0.3021272191734674
0.46312168951731325
0.6150307326547139
0.20426875559284707
0.5864150674085318
0.7292000594326628
0.07726729148828226
0.6369810956671105
0.8984576093584085
0.14832591650937832
0.44996864628050937
0.3103884708694218
0.9357346944453113
0.35614668504340985
0.6544666736874264
0.553898887755511
0.15519804436215634
0.8175236168454625
0.28888762714527716
0.21703769484725954
0.44858913976026027
0.3027597867892986
0.19010521036798267
0.6267036754413375
0.8463548194105716
0.6683419149443086
0.49529244840232745
0.5943441231626372
0.5950866318405473
0.9421264672458315
0.3658316095876901
0.08660844725032202
0.7732756846533853
0.9283715098060645
0.49472522139683317
0.5899588946320194
0.3154377368461012
0.7493849428188555
0.32262544822054084
0.4122746624065228
0.5732793967258977
0.9712502635946872
0.12862610535090135
0.7401940718107726
0.11375177819030668
0.20369378958678408
0.747570397095667
0.6822554819897985
0.7716240929439211
0.6029661421144966
0.2142183335265304
0.29489993739146136
0.6470118769549388
0.07344916876749874
0.11043849973964737
0.4036984706168475
0.8135274988913224
0.654564455631673
0.524993185180718
0.7051075188522223
0.013419107213775039
0.05983746423131475
0.8006723902678665
0.07551357463654473
0.6561271168864724
0.019660675068634448
0.7012213972474366
0.8041910160967289
0.015019020957100948
0.9455540878215577
0.7689100623906377
0.14530678764701055
0.5156471642344228
0.8315719358202806
0.365912943503368
0.8910135408968349
0.7645803830982314
0.028955882254389387
0.48963280823170785
0.5061866254203413
0.8992776767570827
0.6004595940322489
0.2507945724491458
0.5168941997537391
0.5053847732504426
0.7542301214792289
0.3981518309646217
0.332682298531062
0.08196926796975923
0.4712427477353691
0.8828674723853026
0.03705873440128138
0.3477549209503612
0.2572587824479946
0.44830183797047973
0.680446044097979
0.6667441732280325
0.967738683292298
0.2243606907460437
0.2688443552736821
0.8338223815998853
0.655388199667098
0.5916095757880536
0.6282451611535539
0.8098671528963767
0.26083836023182605
0.3152154031953862
0.5462713938924681
0.8532201496677265
0.879462113079849
0.8805503815016854
0.5149241833335281
0.8762514792141602
0.02389913681636824
0.726141800192848
0.6900248388427086
0.3176236501403983
0.37415781245818636
0.06196926160307237
0.17982762126876528
0.2033251115900765
0.5502102276641226
0.3372823884445547
0.6962209972275344
0.35259494321015017
0.3732808987210725
0.6849272079399675
0.046334568296058976
0.939509649788748
0.8063607721247765
0.7357602920485984
0.20827914029704542
0.5229699776315486
0.32334541129966066
0.9722958600377513
0.13978283099086708
0.8907019331259022
0.29771280768055786
0.3762407867575084
0.5606202165601163
0.5536297955369028
0.8030059904629095
0.11635352098566776
0.6592242350687291
0.8559580480913872
0.02016187881374354
0.06893132252522816
0.4308645696243143
0.5991252023258112
0.38544352780505653
0.5398517543327311
0.6479091821129449
0.029514122862090986
0.5646271749590316
0.9170908542965643
0.1265809104736899
0.849981816132313
0.11976013587989154
0.3235337289360539
0.1890678887843159
0.9977589647943956
0.005652921544786027
0.006758988447487124
0.9986774300272423
0.31875705769624596
0.5372704561059177
0.22822304061992593
0.8425621219216723
0.2833586780009756
0.9690864468386995
0.4293704486928196
0.0033426504184388417
0.2802326805222414
0.24293939380839769
0.7132419420381416
0.14299635194750782
0.8551355680859868
0.5217434912985535
0.24821344438952064
0.04919888155369223
0.7138033593235014
0.3838870491509868
0.6578330895659302
0.7290868855908373
0.5140446249835267
0.7809051545905747
0.3890673475366959
0.6990941594557117
0.4143531487170856
0.27355918133551393
0.7034827717246168
0.5294270155315997
0.5213998310041774
0.8015802789862719
0.23671931226653753
0.013756630951083038
0.33141087108963097
0.1719237608517774
0.8243391339865036
0.7157965316086026
0.8331454365500033
0.6138843339366366
0.6841437332395692
0.7012574411918427
0.517147931982826
0.09918184724938905
0.12325711852665455
0.4892671402057166
0.7260544681069409
0.3524669770414458
0.9784625732996336
0.11816270789587568
0.5783585193218663
0.7819504388692153
0.26797297377701734
0.24271193080797693
0.8162129426259742
0.8838803822991526
0.8478052893856027
0.20741228783253274
0.5195120225200576
0.002633177797662145
0.45070187651494276
0.1440229084762289
0.16266509329022039
0.9098003796009276
0.17317010849156145
0.4433793704061162
0.07092894782234438
0.471582700619952
0.9748627592129065
0.9071886747109017
0.3893072570290981
0.1531770579637951
0.628011735330129
0.8239735771096138
0.6092824327970646
0.0499077838113422
0.47683039947406736
0.9262566578908278
0.9055937785278536
0.2559368087628593
0.48856394182865315
0.9572660311820238
0.5601578457777775
0.7064140259941787
0.7450687414553956
0.4343572164749252
0.5011263299546966
0.1047533442025933
0.4567381157041809
0.4682261946618631
0.6649922629580572
0.8465967960892075
0.322348022329471
0.10090560627895118
0.7017897901466464
0.3244682333845541
0.32216874784865235
0.4273322474751712
0.9092291291170125
0.3806936277179178
0.6981373045163781
0.9992203341645023
0.5475692105270077
0.3662364062712884
0.7511239754430715
0.7599250277748051
0.16285565915858569
0.7297270800686911
0.6311750697996108
0.3060155035552018
0.16165273376757971
0.5779457438970261
0.7792345165047733
0.2503173588716451
0.43845364807575227
0.7587424348367074
0.7852656774823938
0.4981649163176687
0.9523502672738123
0.592947386895153
0.09933118480689418
0.3770396893473684
0.2690143731024257
0.6953644457893037
0.6077895759698384
0.9947898724617726
0.8561313269311915
0.5504317930865676
0.5407282426999316
0.5688800591561999
0.7400518234794695
0.20642221149936257
0.29139766526364563
0.7433722802742969
0.8219340801622919
0.6723620462913767
0.09752064206673816
0.42921668213667885
0.4755064948782213
0.16351646335531955
0.32734843751271936
0.35522155985146786
0.5341656152176997
0.6889101776686696
0.05170260433927887
0.30136810615294196
0.11544995522229518
0.10921730415324615
0.011478703837857096
0.4161490329087043
0.11093562929822487
0.09735166990953559
0.27424139752802035
0.9518716985479874
0.7126904243815542
0.1777904280850181
0.17272907660118186
0.82792319484432
0.7551763699859905
0.7712481807029324
0.307826348755174
0.39821840404481923
0.03788361100035953
0.0484838043807273
0.6702761518259021
0.7495723827864339
0.19812131686260714
0.07611081798322117
0.936206444336864
0.7804596838282429
0.5994196106440349
0.9945218110451671
0.46176820520046813
0.686844991054065
0.2941484725763083
0.8203029867269921
0.018816499038879386
0.3280158499761845
0.6854195345514995
0.8198063867779205
0.975544724970639
0.9988220674694184
0.08778525513531632
0.8261677680256657
0.9093186304246148
0.11561189771105118
0.8030162547513668
0.9416678101940642
0.610939098629036
0.9538669760326458
0.9224566023691905
0.5112716431514556
0.47310220254044655
0.4073807948338344
0.6287438922151195
0.6139950743178982
0.2052891645686814
0.1317205208076756
0.9694128341445455
0.7347701830600846
0.6302783932481852
0.30878589505424525
0.20950876308817745
0.39892676076267175
0.65175763969768
0.28508240440103116
0.7296808032574554
0.47538656922110356
0.1273769317679434
0.7006976450566617
0.5694824065539953
0.6275583499935612
0.6733963863481457
0.3819529910786591
0.24278896559703533
0.035654890814293516
0.8486540439227653
0.47984776486057557
0.074170704430367
0.2876462313662628
0.3822083061295547
0.3340970878834729
0.011978952268694165
0.6154829876240059
0.8572931902045107
0.09315763565896751
0.023406188963362995
0.9519435326001048
0.9811300547128567
0.5315712653136033
0.38425522891719865
0.6482703948194262
0.4477911876762146
0.2719672444466127
0.9155985247194168
0.8919357977562689
0.5668887802402774
0.8935824146979825
0.8802012873387022
0.4251058136769078
0.8537314017941515
0.5582212277206208
0.21024384798477702
0.4479883144811343
0.14959472156141096
0.70397085372
0.263162738665324
0.4119362600131167
0.16742140135200811
0.5766914069761391
0.866770412439785
0.6249067900466617
0.5118385494537633
0.5092439908275112
0.9385531572799345
0.3475654732236362
0.9444659125983708
0.6806705616173627
0.044139649000486725
0.4169406961928247
0.5955590428181536
0.12641533017078266
0.4862508499463484
0.04038030689787264
0.4147632210470912
0.8589344654762215
0.5887893294522226
0.14908079884566694
0.07971944189960833
0.08574657318119772
0.40847844305275205
0.19912064945789665
0.3185075743357013
0.594751955199373
0.8289367550695979
0.9748693114528381
0.5401334155781791
0.3179286670393764
0.9853715364648168
0.09816247155508717
0.9250390259765577
0.8294654710200837
0.9196781946527778
0.36501185176839657
0.22247020624726566
0.11175050404830134
0.6189006606850799
0.0024275138302871646
0.609329644452187
0.6263456401450019
0.21084527194753455
0.014859716911316934
0.707255450516967
0.9758574542287102
0.6507195195514363
0.6376007814840496
0.442751748089239
0.9912100172096134
0.9057163991086337
0.6669225826794032
0.37516532077088716
0.5053512245503777
0.522034805740734
0.2019425656896765
0.014807445350925708
0.9967833284301731
0.7540088377621273
0.692830040337819
0.5512406909852456
0.11635676724728261
0.2162759458679695
0.566980991774732
0.4626978134693879
0.4651370459856703
0.7935765033907848
0.6469368255427237
0.3462520364983528
0.47437270149258404
0.5066818805524821
0.4466833425905834
0.2487245175374735
0.455505225122255
0.5915477917359522
0.2687128499448249
0.8236638988269708
0.011259086377703564
0.6582378647691338
0.32536048690546493
0.5465610365686341
0.003365379171519245
0.14779125223036593
0.5948335663884602
0.8775121489916814
0.7296242668981867
0.17878993790141762
0.9505925501328055
0.6984920152633768
0.361791788107664
0.10230309926091607
0.25081725500045005
0.36800293676618023
0.38535381189211715
0.017735751782747777
0.36122130822781784
0.1047758085341347
0.08896850963152036
0.1147594398284667
0.47308971182312276
0.35813896028083414
0.5230458186202487
0.6396034735296815
0.35006138762038463
0.4096006141107942
0.25773696144832703
0.9736701671695449
0.12460199754509838
0.824623497151083
0.6782120191170834
0.20801362625115694
0.6753654569776354
0.5115147932643144
0.3243810172567282
0.8622318222494868
0.892909530291473
0.3608432144412358
0.43251407501138983
0.9738669145211953
0.8957238439976284
0.9772581546102592
0.9623871022079163
0.23158683810443415
0.21492070818047004
0.7959027519283585
0.3879493087072342
0.11167895673386274
0.7185881065796393
0.41823569481601086
0.777462097816261
0.885576890451943
0.7709766548028952
0.6258618788716745
0.17856586207970082
0.7767206883367623
0.05535098656577819
0.9503098343322172
0.25949770130018324
0.04074145993629463
0.35500513814113743
0.9565127781706724
0.7939841372256952
0.27721757728112095
0.11276364839744069
0.311391895544057
0.5841549907613784
0.4260911538844492
0.36573607647476447
0.8237766348506894
0.16624970093370095
