0.7768718955944348
0.473676264160267
0.11692953014943697
0.6029363242445771
0.5116191035960168
0.06255564544101888
0.20788217771826434
0.6290350202771532
0.20121251730820044
0.8171287892278603
0.6767052900591001
0.07840853939515136
0.4415951726998414
0.9269436829045463
0.0953125265748469
0.4479777008148046
0.5179737709574295
0.6916054592417533
0.8934820655643441
0.012271105735385368
0.8146620816215312
0.5623554319737467
0.6820625590657207
0.17856811264268124
0.9687600185771253
0.35618210333108224
0.5672725842816563
0.41855786263839057
0.6001632817413994
0.7423110373663111
0.17476190180957762
0.2821970549696916
0.003634469379831029
0.39232029449422523
0.7430686020010352
0.852668062626995
0.6257452413943865
0.888974528161539
0.5202931655579149
0.1767626177147854
0.41495811659368964
0.2788870854928791
0.0945026341332117
0.614782217498894
0.6105879166570918
0.4982819883305557
0.315993116779854
0.5197060286610454
0.22883672789593335
0.4647649626089513
0.9921466993995619
0.10182480117468162
0.9388420658344517
0.9623927106427228
0.3903272289680515
0.4147293171420777
0.8500070020202563
0.6936501621504847
0.7901157211475607
0.3834063945962233
0.9830911303572193
0.08173312907082309
0.02498203016377909
0.8767542452576276
0.40541485064684035
0.1792990148299788
0.6798350104107862
0.9929100565847035
0.13604416499170235
0.3813084442644207
0.22258358765528086
0.7449784133710164
0.5095906046801569
0.4957391739439728
0.7471085855062658
0.6243557710393277
0.6718187393889969
0.012198497225794691
0.07667919827685044
0.8340668356037036
0.7628661097181201
0.14473890894701746
0.2855739239600339
0.4902344854684282
0.7720609714670787
0.473656796242262
0.9635902446649162
0.38031805658862483
0.594266848403753
0.6507890193383823
0.5814983017260063
0.711008477237292
0.886965191389144
0.9820566877188365
0.7271846546571951
0.09642514432683114
0.023762821525888822
0.9952556449907269
0.3727308708606436
0.6417177799319539
0.3921808189389636
0.6352834898319402
0.30306219265975065
0.643510947983349
0.324588905358286
0.570812355518977
0.7408138050899714
0.59676699271349
0.7816059322584122
0.11517775002347286
0.4174454888133571
0.8729528816281441
0.8621977642008107
0.3866973299889175
0.10573622337497912
0.7212022559326434
0.8226863152586182
0.7202030638500202
0.745922199951876
0.3696590288438979
0.2502994711002846
0.9315585067642597
0.04252684565263243
0.5901656307890116
0.5092315019728697
0.6192646772760757
0.9465259739438974
0.38965027998738466
0.16442230196488605
0.5992120217847877
0.40272652308099843
0.9024277665879618
0.7775705215113136
0.7759104050051255
0.14700235390515037
0.3001874692309221
0.504847338823128
0.8694697715006696
0.4782998762692129
0.7971124194084878
0.6039670460649108
0.19833313475690117
0.7275815714877136
0.45570276854115177
0.6032142648721206
0.5241937048941121
0.3715470919571444
0.22754189525824486
0.2748650198974135
0.003955739446299789
0.6633108249597893
0.7826771574253815
0.6207311050782433
0.8415189242397946
0.6239613493601908
0.5697879367410887
0.09332127156519232
0.2726582725694209
0.8774457012188813
0.5762818937032023
0.4478508723835255
0.16663354843607092
0.46171146924756734
0.2616078005788369
0.12908555817992518
0.03616042844060974
0.28871636754008934
0.39746538811713805
0.2621511410209484
0.8784317064840647
0.7250309309843913
0.9325573390420308
0.470451023186505
0.5942589939464019
0.9930153576993102
0.5786688859758925
0.3317741876645013
0.4561766601182613
0.37034051360030584
0.36134453116855614
0.4960628054742501
0.41986976420419053
0.5075170186570942
0.4604505661396501
0.8722032092714403
0.8742197965933344
0.019951087471578366
0.29095907576203384
0.5745525063063199
0.9760091115046491
0.5984912823443037
0.37469751470136015
0.3589502496958098
0.4236459253888031
0.07304800900161135
0.07938636985363123
0.41356269562037284
0.37349552436579403
0.7977091199196572
0.9950849468134989
0.09995561448012125
0.3198736249950246
0.6103725983404205
0.5173169637475089
0.2553018890420883
0.37054304410817995
0.5629524072108215
0.34271244827859215
0.8289290129949346
0.5514672130311584
0.9776118924227467
0.7512923980688099
0.7313123043268229
0.8738168034215174
0.020361584926323006
0.18935197408210058
0.1816412277984567
0.9148068617697493
0.7081778294900396
0.2896380068228729
0.8916589067568454
0.2406806510774746
0.5751466955080071
0.37118330974624625
0.051882242498640485
0.12483780120040966
0.28949522962596363
0.228004036096345
0.5175415732215006
0.41112423519734886
0.09002650771170051
0.48705383789267676
0.38258646381918404
0.680044771123356
0.37607302411679844
0.5331701278733051
0.5936898971489318
0.5784472968492448
0.4076059947180942
0.03347345543099023
0.7964259662222964
0.489041541701563
0.6781808770685746
0.7407079934407549
0.5441790081089563
0.164450856435164
0.5676818534684438
0.41195697587280133
0.9826897055439747
0.5827798459138198
0.25085505340847136
0.5899577626390511
0.20006912584155256
0.16731497473294654
0.03012768980485081
0.8721820870760518
0.1655920672863671
0.9951192169427254
0.7612436216921734
0.8470741139317146
0.11819943679781464
0.555013621360811
0.13732252422238111
0.35375853142946656
0.5062889728000998
0.6379045023287808
0.9604727850439273
0.06497215475756057
0.7163727154724001
0.9649276769067353
0.5393101691363925
0.9551101433592408
0.9165703511103871
0.36787105695193834
0.8486039594111835
0.5728335981140218
0.3938292346013159
0.6024273662870344
0.7876176887942616
0.33625826976577045
0.5056136761042969
0.8705211712250269
0.6606368309409225
0.05114482007945054
0.25779051264118513
0.25639302672624176
0.35898593815436475
0.1672744560331888
0.5911165248337414
0.7218128904782585
0.7420567403741907
0.18589491295493898
0.40287226628966344
0.904968928431512
0.8434585030972973
0.9605068091054294
0.2060786880489811
0.14727280992915648
0.5143068471503746
0.7891044259386525
0.34624301010321734
0.4251154361688577
0.08626747831984083
0.6293254218763505
0.03623957106440234
0.5247724913943211
0.6811620535409082
0.9153293479285435
0.24632160421483706
0.4685588899807617
0.18441819835407347
0.8164473564559285
0.5148949374882119
0.42872280019524767
0.2938368175538393
0.22737237838099533
0.9914275783864498
0.5246714942084939
0.08172986568640628
0.9993923278451925
0.7776007701941915
0.29606250135526013
0.6019380891309823
0.5695599998553847
0.35045517427021655
0.03745299835037674
0.4820306903134117
0.47882439228780116
0.3893849453223699
0.4158226825441401
0.05294966401302237
0.28349988840644824
0.26935416816281355
0.15702372336075354
0.9002293550757252
0.9006633305795639
0.10133531681805574
0.02163315730361992
0.7768583966828307
0.3914835729170998
0.04170217400885379
0.4606439138000935
0.3744033636326395
0.4832632059598131
0.22388948086944183
0.8010701296631837
0.8465939529292666
0.0008308716276744788
0.3261242473999253
0.7458486820657407
0.7406194341394342
0.9858774432573488
0.5229478490639062
0.7214521203616575
0.45474788422354595
0.9331926231222927
0.5044958029394415
0.32211097931370136
0.11544456775456013
0.9363791234277864
0.4980629820223592
0.8281985524587333
0.8412423127946872
0.7165374958983504
0.6278352432207555
0.8049766761515192
0.6782444871155884
0.6969196159747052
0.4723958471193982
0.15743466473060552
0.8180243038407209
0.2068272456652933
0.7796850002523894
0.4798260957535988
0.09148946724845153
0.035157093650170834
0.6544850600196315
0.49090056289248885
0.17838695838651975
0.01819880501029225
0.40645687437036315
0.5292824623805229
0.7596352737512247
0.38534828424953593
0.5595347835164436
0.21248758154314962
0.06719548313175228
0.934937036479283
0.14290080179403164
0.494016928044149
0.7308118799973242
0.5901443449292186
0.7374655431503976
0.22453463890781733
0.03049111767674373
0.9923791583361564
0.684212270268748
0.3363891735529849
0.06871742887366161
0.7950480087547502
0.4613788685041298
0.8316742838294989
0.33372743097987856
0.3674288244924917
0.5138073230863668
0.6423156507947889
0.6073576261011445
0.44699733922453344
0.7632108425690206
0.96771899305948
0.2419730421399271
0.745302658045143
0.018091961067465023
0.14741782623000033
0.8318491738562409
0.2429266482770719
0.057894487991578036
0.6134209952412089
0.05885959645042005
0.2983119364973418
0.678986299335413
0.8612411853144389
0.7124063239466913
0.4976411849206708
0.4254200574668191
0.9622014519067429
0.7618790246760417
0.3256144989639792
0.4150831809605192
0.46048933341234966
0.8504353234618588
0.12285213395831307
0.052380474916823516
0.6423123533029126
0.912060919930606
0.19655153399865488
0.26182860686598053
0.30907601868197476
0.6630062672090137
0.8713039566853988
0.9406294502820634
0.37546450148466626
0.12902529648367
0.17001219578171034
0.6048636352904767
0.7379335958121167
0.4538719205887032
0.3548650010763754
0.28452115923092147
0.38511836888265094
0.6327353114739975
0.6317276423225537
0.03869487074350053
0.1646774175032002
0.8475918251170625
0.6164926325145695
0.9201332841541939
0.6095478989226468
0.18711415990204638
0.18291107474063995
0.2547821008458957
0.33113317551140464
0.6125480834256924
0.3548175855514779
0.9299912322221613
0.34858336243683885
0.5035657470505449
0.3471383167874986
0.8168287428515374
0.5475219176346932
0.7019095960260995
0.07758033282937538
0.42256695452884996
0.4905267330930907
0.04428510688360854
0.5594326029517556
0.8778645420386082
0.854217882694968
0.6209116501941413
0.4611777156988657
0.036123744842461836
0.11898806125748296
0.20955870000780907
0.015477081086557765
0.8321844251345577
0.03551929114196617
0.6483632454126934
0.7826966411239884
0.9769905494331066
0.10511671731710492
0.6632199690326221
0.6011546929210815
0.8691937565152227
0.21687241903839893
0.6638449603611211
0.5392896536834324
0.7812332029517219
0.12859663491675355
0.20762044325612417
0.23257272185137867
0.5970938821817957
0.7028275946540646
0.11451149038236397
0.532563670942435
0.9567093758953963
0.4848619610322408
0.094469970207812
0.6433825588704872
0.24545079039546602
0.6414350537827795
0.487602078734798
0.1706506851804579
0.5074706630207367
0.3575864882469866
0.1778828148364171
0.7835593807368909
0.687218164022894
0.48360389505058266
0.7902499339248304
0.9666591477223926
0.564726614608809
0.010716664415418187
0.8153670588152568
0.5893320286371019
0.31031727487845917
0.2886439254023273
0.6535848871979396
0.08248369046756909
0.057165578399813066
0.49777187673248613
0.662463579686077
0.8905593523313762
0.9401722541182812
0.8732862746206187
0.11115431756765415
0.8291417003697745
0.5466306726233785
0.9578168097400399
0.8967382652392902
0.33969855576127317
0.625534223641471
0.3408743963232689
0.8815948403737999
0.31814939490109206
0.39228570040777055
0.8753026093799214
0.2025290514339373
0.15821149605554075
0.4157502003599153
0.5254889778418516
0.8070959789895167
0.95545625878305
0.3601133548761213
0.9972593222415468
0.4473996934174346
0.34156859717525734
0.29486927745902236
0.6357741977935911
0.1444553774308136
0.19830197071772682
0.8554897226159736
0.9453198444267856
0.1253264312866782
0.9572527802683826
0.3041668857250799
0.7789483446734293
0.4360345462519236
0.8596048372738335
0.5661278499124061
0.8588559569994245
0.9679857834149673
0.2051116247207928
0.3333676489919313
0.805611124402618
0.49856784484420247
0.6495744996794061
0.8367739297483425
0.954495868110606
0.2678348669741605
0.751064076724481
0.34649823841830707
0.4488328873824199
0.6239159069557775
0.19716266118447257
0.019732219204181
0.7340706774489175
0.7764277329547156
0.3019613311724788
0.00465889518053253
0.9403555863671307
0.47526867277027274
0.5842223161748228
0.2035793652676946
0.748962500323409
0.7407473499239231
0.9101079540327515
0.21153939755599527
0.5704082987004419
0.21003110550240234
0.18715912366341836
0.4264172159284131
0.43166541908827116
0.7843529917508599
0.28197011580216436
0.8703267446136957
0.8814419985120706
0.07369196842927617
0.6572984797992635
0.7837005942371873
0.25022830111896943
0.8567773643068832
0.15765538801659906
0.8446211553282488
0.5761845453270383
0.2770897714679874
0.42251316474897593
0.42459033002540136
0.3257484763510303
0.19850924441156148
0.3976045826963398
0.5855103757213562
0.185338695136825
0.6533470615528539
0.09831973347648937
0.5985260294539283
0.15225452456224853
0.3851684898552188
0.3693144673249871
0.6504956682489825
0.8962574613311416
0.7821454372014883
0.005617387156708564
0.4143133170794695
0.8580881146926836
0.7338819562998538
0.6547364244007354
0.1904808392860492
0.36766313917602034
0.40246054998017944
0.835678075884778
0.6624264227762211
0.46402567719231835
0.642812215536343
0.7623098718364715
0.6026852976345998
0.42492831669924236
0.4646811548552362
0.7619889324344076
0.4684686684474575
0.9455360672126131
0.8912576401106378
0.9392278611273934
0.5371021390663423
0.6878108883613556
0.3304356866109912
0.717748427339125
0.812028476124373
0.36195975681057924
0.32049856492794715
0.015242225919948948
0.5412543915640385
0.3995568111177692
0.6585250589350661
0.23245799722723048
0.7613018125517302
0.2641981099745435
0.7428067320857829
0.73033627594681
0.4969011619063419
0.566582113767798
0.6045810171199215
0.6080144560582896
0.5365680091038183
0.5679713161753902
0.8818628246324698
0.6841378285311074
0.9256896749633212
0.7002559447534099
0.6983692284416378
0.9045725074695625
0.8447108586779328
0.8099754999881348
0.4804877576972849
0.8903224917678807
0.6675612336460743
0.7137317448320133
0.3467133713471946
0.9153718066593491
0.47044378798055664
0.6771132895926378
0.510577356762528
0.6259286490338896
0.1783270677585156
0.39969389655437637
0.9379089663442756
0.6444827624750642
0.5486162246245658
0.024037559899585337
0.380145838370641
0.3069626927164695
0.37352971624270337
0.9867243969312823
0.5614956721750356
0.4074364022122713
0.8327397157591864
0.2468591217727264
0.9337855770412818
0.2961506750932804
0.38614517776431445
0.15929061325589788
0.8534093458132852
0.33598836713478364
0.6636347910458892
0.2763146615571025
0.020437132624566257
0.10359803983308002
0.08366764526622328
0.35237632155332177
0.12787545546110435
0.3618324378240916
0.2707709825849759
0.8311764451293961
0.6785594595026132
0.913549059247465
0.5219335689010763
0.025937949207316735
0.9591298380945071
0.636244228856728
0.30659143176635983
0.7822525857802791
0.21017122617607265
0.6328224384201965
0.3489944371883348
0.060880150079739015
0.1317058515353623
0.49346909700869557
0.660098608108464
0.8064496519750157
0.89167914892624
0.603022353458409
0.4822085968938652
0.5327063360112351
0.08800267007668139
0.6578512586736776
0.8498912139594156
0.22510462419771238
0.1628191227147715
0.4170286885409574
0.260735319150045
0.1717068876810538
0.03456664274341803
0.13017812614789448
0.42094736061421234
0.02807490490266984
0.14862875861784097
0.641425670718238
0.2392604352818466
0.4302852619727029
0.124112064046493
0.5580651965345267
0.03728307120593066
0.06068002573919207
0.17365110562851838
0.6414883425497423
0.9930807075200807
0.5851713993217659
0.014710773254593024
0.011950101874768082
0.9669613531087087
0.6036386503242477
0.2375941475074448
0.06562003558194807
0.37219590553936943
0.15354333314932245
0.23687349470872987
0.9141337053223336
0.13106071033417477
0.697864171108689
0.5567990273755699
0.11422410539759109
0.022364434640233744
0.6253574751957677
0.7998084314639007
0.28112453221586
0.7451757202585232
0.22104117797976985
0.9528717694285127
0.8471052364107547
0.38597065306314315
0.5300716764425758
0.30050127994806297
0.91009282206957
0.2857084964668136
0.4355825439621178
0.6844303391430446
0.8439311667601898
0.6185208940350041
0.7241426164711607
0.6540447551541648
0.3477187560401419
0.2900560012441493
0.31116594377154616
0.016181110233803087
0.19980672073375538
0.0021028745535842663
0.8959465858973993
0.9736662338553619
0.9272286654934497
0.8184201728295838
0.13144154760887738
0.6739409696752686
0.9029954123595961
0.32669525669658916
0.5802503312095948
0.18313217673908355
0.10324247312626822
0.6318767337833228
0.6555601932903447
0.018070946994471537
0.651087282953428
0.0520628989642693
0.7837789496690243
0.3609093248560281
0.3679330622050224
0.4085144274323871
0.2636770767799923
0.2251713212849692
0.7495818419818796
0.39058127860673
0.14331557540383955
0.39254621184388483
0.7761966750729969
0.6939545023323335
0.6072073573371107
0.9399235995342051
0.19734051647302875
0.5905117018879183
0.522588103898621
0.40462541389302786
0.6086367922953868
0.07553530953219234
0.9082487039212932
0.28781728557388986
0.4914255695369505
0.33136379173923936
0.57065207441124
0.925757722945295
0.4226360347953978
0.40485030182680326
0.8984732759748025
0.719224233899475
0.37436710930857164
0.49499812315438174
0.29414483826182825
0.1431888224000174
0.5239207148962197
0.5845174428069325
0.7257267730388188
0.8900864579199895
0.4301064627915191
0.6552614871235517
0.1006987654626188
0.5707085480618062
0.34469582947196675
0.12425330108844113
0.12933316454527843
0.35854876226082744
0.5137945266131303
0.16472932783337346
0.31614355550692896
0.8866220430627403
0.22948560653614436
0.18457941026691327
0.3166745069215452
0.09212235717478101
0.6733751735616103
0.019298821536190558
0.7211333246838775
0.7407643483609316
0.49808065855420314
0.9375705629593925
0.297955156093349
0.27281662577518284
0.17305646125896812
0.5567756851085258
0.5193281110734528
0.3413437525683738
0.7138465986575183
0.8860147341068016
0.5258661070979207
0.9292321076686457
0.5140326013827187
0.1753519278225213
0.6508419913327349
0.4681879988194152
0.31539357724815276
0.185844664839259
0.8362552381088512
0.5922785215873548
0.43936673374668367
0.5874694473223461
0.38576086036619694
0.4865241595822648
0.04863309481665967
0.36793618869616884
0.7161081936523557
0.769500303283553
0.2140157342880724
0.5590805726744317
0.8964117662840294
0.23828194171965322
0.9997407103797163
0.38646328549439535
0.9852914393506029
0.16754613122138096
0.860214572062059
0.5725787305374969
0.08934216069113987
0.24885234380698684
0.061797065039927546
0.007564508294820582
0.8245375449843266
0.14580200855050196
0.5481656418838173
0.6010957693678121
0.8183283218913476
0.5755113717407118
0.43209220222306044
0.641627726890552
0.5474446636108534
0.9380059562194472
0.7315377516508867
0.6001717028397472
0.38547395208374224
0.03590604280808052
0.9068653332200085
0.3912309687775509
0.16442928616203956
0.9588692360877816
0.8209326600744111
0.2171969482970887
0.17096020925185673
0.20673604721681305
0.31398543803003365
0.8548825623904165
0.798891474354738
0.9961285805080858
0.4821378844270008
0.8925909467092814
0.11003694580333645
0.5878577739179959
0.37891589290557026
0.29990824520364556
0.9561044922256882
0.41788940516701556
0.5225968592664171
0.9038715010165737
0.13122270345077314
0.08473080607624262
0.22890437750309178
0.2289917255478119
0.9795891185234443
0.9436236611145437
0.470500856622596
0.8133522281910871
0.01661412578970667
0.043556474343466656
0.19222951501282337
0.5560956078862527
0.940482125344893
0.20012387018203603
0.15899989336935483
0.7264622249559032
0.7535231625723849
0.6233715412146923
0.07256921317613085
0.3391714773789578
0.09440346361590934
0.8297244195730336
0.6711233707041974
0.6683692587920408
0.16727383406490393
0.172221039400284
0.19407255837525283
0.7496334106029202
0.6871119176683095
0.9126092363666156
0.4104432616493793
0.06078785257761876
0.6547100960562464
0.7671210285086193
0.7610582293696346
0.7155790777615582
0.7294530737356979
0.7698998550302013
0.4145185934616257
0.7754741348936891
0.8282122418458391
0.9489114211236966
0.42080944860522096
0.015878761252673956
0.18111898646073477
0.29396343930269697
0.8905737619483594
0.8534506775012272
0.0720993495300215
0.7862459684544867
0.815810834509612
0.16390896109375197
0.5649387178565092
0.48755750371950646
0.5368771581110917
0.8421893005452067
0.7698204429115054
0.6559196020896335
0.5983461321398548
0.9735041316137408
0.2970378652720298
0.19224321378803888
0.7501406356519373
0.7979815246356596
0.410139343166918
0.4460817239611672
0.7698031020652535
0.36881583154345066
0.39571117706400893
0.20895748714776163
0.7263034911689401
0.46053565846364186
0.6704020082046704
0.6110330651347352
0.4197423064857232
0.12393098220279375
0.20514281582369986
0.022894629411151945
0.42859998047067427
0.9718559029251138
0.13996636890917957
0.3948991991117834
0.4504368758939087
0.9439410042886808
0.9529293619571932
0.816340607360329
0.3648543612361733
0.7458121702692588
0.1907783721342431
0.42143282527601134
0.48203915419425303
0.4354276263892014
0.47274316551682605
0.22833746547235834
0.7761865910667612
0.1563481185156973
0.321720258421639
0.1547342804671773
0.8757844608606503
0.3075098747895664
0.07830517712382479
0.6667491688818847
0.7647376278523885
0.2976443510269031
0.9473530638926536
0.5157696970823271
0.15134776956593166
0.20402837970187526
0.7919010013831412
0.3433189973079134
0.3923611083377627
0.9836653725831098
0.029469915074573527
0.8133530362918011
0.1903002449159238
0.815941447730544
0.6391154882716704
0.7177032246662209
0.6794441325588452
0.17936137657102125
0.06448905649513648
0.05107226209566773
0.2452825901610699
0.7049127659730425
0.08877021290692932
0.5260426682241451
0.8504131092695048
0.5927188050232729
0.3939762249546298
0.7424512296712024
0.06566191508118069
0.23451778754030184
0.06535545748270111
0.7210466423150209
0.23926741497161563
0.03113511594907359
0.0029341589634281906
0.168859790472756
0.9571621905456815
0.2567878351942444
0.3166520169804541
0.9144139758073899
0.8738985687176604
0.7364571958275333
0.7689090281975623
0.2588280111588408
0.261502800399132
0.8006123588710305
0.8449984467962917
0.1764060193989686
0.28253155518038775
0.704442971259161
0.4866112718329403
0.20246518101185218
0.19062746998402547
0.5168662422927458
0.6100824177257556
0.7863270955612649
0.09080120117847268
0.4846367751139107
0.5507293187684671
0.46709264097690506
0.8149314745425889
0.13101325290615817
0.08260876006517415
0.39521421485753117
0.389698874366178
0.12857536518965618
0.9928914435133729
0.02234818312052511
0.1817130081609425
0.26150982721160054
0.1701167378680487
0.21822009187980307
0.5420658083320995
0.9497459348001732
0.1233498593925112
0.7567854269402909
0.9355282933196856
0.8442660663097804
0.9691483424826955
0.17940876684309126
0.6482978943510342
0.49122066554930666
0.43895305319383515
0.3014720420415048
0.8149094363621026
0.9408729662954034
0.527017361203071
0.8748360176350017
0.5390380817658458
0.4738415543568508
0.6953351978441679
0.7199959099108418
0.5081781425771044
0.7937858068207266
0.7420648661145635
0.36436392429387165
0.7447965117372303
0.47140921114209966
0.8714529182632591
0.6587087867137067
0.4641387933440563
0.9372036820808134
0.13228754477833116
0.39432124058280393
0.3521193754452163
0.3325560538184187
0.4198580468775307
0.9892501142895197
0.6265470068301269
0.7885640973440942
0.23491373160348905
0.12984346107029243
0.13764218654868765
0.7552786699541781
0.3338368697879367
0.7927345655535131
0.15383472543457088
0.735325442010242
0.1742791345763154
0.9920205279523014
0.19363279138708012
0.8448336597608262
0.5271512344144017
0.8566028026451489
0.12903095988861124
0.3980149311672003
0.701242067792202
0.06763566816716671
0.30559592791196677
0.9622171708476095
0.7821310756215609
0.7274020389774193
0.7009422890796467
0.05075667225480385
0.33265546203639684
0.6499449267426854
0.6295988441572973
0.9310085258701734
0.8750908113905195
0.1513181786777309
0.6826101523863073
0.028700753659143596
0.41258717851741944
0.5047677720826248
0.4560503581027825
0.48038750532455055
0.2914441302543922
0.8425123999972602
0.1392491421113673
0.56684924226142
0.17118510852340407
0.5009811334332417
0.9462304872037244
0.5865563169174907
0.17528436583512919
0.12505254326530557
0.6605350169371308
0.7328302159068816
0.7458173639189903
0.29323082850652993
0.8853222341151433
0.009938724174783697
0.12567068663254144
0.5222993782133252
0.49240423496242947
0.8324892369293188
0.49785496893696
0.504582909368395
0.9924316405976794
0.07009586062579864
0.9884454665648866
0.15007623608551401
0.1640311650270344
0.9530196617202068
0.24861137297745894
0.9411573056054586
0.24259872293371199
0.3357675496682667
0.14720273365597203
0.005696192220243423
0.9040428996979678
0.22277980837795952
0.966766097154633
0.6707831365697717
0.439162894113889
0.49597903749369165
0.33209421973023256
0.05204469519711896
0.03341508237221602
0.17793153327332423
0.594636237074309
0.5544362266634509
0.7952304201688816
0.07465098586964847
0.6542918139264048
0.05097472730610708
0.9947169441686626
0.3420011526959963
0.5646145857073703
0.7757857070581957
0.4578920903170306
0.4994723922738069
0.4280588204929977
0.6152333038515284
0.6422458223465759
0.6820441532109158
0.7371394761118795
0.4163805293982399
0.15759724476956904
0.8549753483234461
0.565447124582527
0.1463954390093214
0.3271495672728594
0.27996326181483333
0.016808992382918886
0.37486544587853643
0.6320209869227511
0.31708053985645945
0.7318263074685281
0.640868493269629
0.08332435426360618
0.4340837046083037
0.27725937436142123
0.6321297870102869
0.9744129422014437
0.6676596432886546
0.6119631543846525
0.0648633392230652
0.9572049285080099
0.9679829073358679
0.8358777370389228
0.20383338957041242
0.7494964495005337
0.5709514777569656
0.42067954268163055
0.8422020020889536
0.0545996635719973
0.8069546126494386
0.8330818447535576
0.40848899422345664
0.5725655473420564
0.45563296417635457
0.26866600508012184
0.5169220819164965
0.505155609729939
0.23570992916766842
0.5500176995892465
0.25392554463253814
0.734255427306901
0.9454097233941077
0.8647346325094541
0.7595763307180513
0.5797719538555348
0.5385147667550358
0.34326516568403365
0.6882840144645381
0.27215812091932035
0.03786824483915385
0.7653829912670671
0.7783948980479939
0.30232116409501986
0.40906944999713013
0.4341497788116554
0.9907049456189287
0.37685999395406167
0.884308934798974
0.15196438644100163
0.29647153883059396
0.7771098167250081
0.0288861827044804
0.7063294350840584
0.9607052277110801
0.5769867219368994
0.7658963327316992
0.7954908788058036
0.04225848925754605
0.41101953658488743
0.625122602311924
0.12469204590384952
0.22196158105737718
0.7350504141918416
0.7413920794766606
0.553218400936397
0.05247717441835664
0.030417110225379185
0.3390204724119238
0.5315555868669138
0.28201290111919086
0.24120048532319183
0.6049590877133172
0.8411305925022987
0.9030893156008225
0.8479859624614658
0.8991780345327658
0.0845252821425082
0.17819275280011104
0.48102443378507076
0.2370143594024271
0.5689153890279549
0.5787159439638321
0.44166927450909654
0.7464696630249823
0.22492644929728922
0.8823569402542714
0.02988699460510047
0.8936544561472863
0.34829998579022114
0.7695767868196615
0.47512350004785475
0.010770850594602588
0.9978797137234339
0.5021572554605251
0.23780180935558448
0.7993225847634117
0.7580229582954364
0.970296867098744
0.10625682910042522
0.5929727153150199
0.7936639309996285
0.036080922472706334
0.7757390235004091
0.7171499141816223
0.6532857181174467
0.7451652994980202
0.18032137255074676
0.49060559632417644
0.10983412943670945
0.6106798557756483
0.39997264509430663
0.2043799635331407
0.7974712832846285
0.515598345235506
0.8702648097103803
0.3320361487498704
0.8028577458508919
0.5162918684834303
0.7505923999599124
0.40770558229152654
0.7775786578994649
0.19586871164344855
0.35496279365640715
0.1352693093782774
0.8656837564188185
0.9759023309296996
0.7584175406682312
0.801814128583442
0.06399368379985404
0.8964613521351015
0.3901684512030722
0.3641363268729614
0.13489349541694062
0.8789435010114837
0.4530472022553007
0.013851326746984194
0.7147345354394796
0.9917575015360264
0.9418763838285751
0.7556644421447812
0.8657449919568173
0.8757796640927709
0.08454451480117109
0.0983122685238409
0.24819762596451056
0.3695147854025118
0.8646053465904933
0.7082226139821735
0.9190138858234711
0.15789968506971985
0.9052311358687972
0.43472937438731185
0.004535806121377939
0.3452090371205261
0.04380045779403108
0.636171630768663
0.6749601483114839
0.09528240206803185
0.8144119604577306
0.0035909390881787573
0.7566753794240085
0.9780788478065101
0.050403899630804605
0.7476183421962845
0.9925920502457314
0.12455100606032399
0.7681836993294326
0.006339352067296633
0.1604509932887359
0.7661675531957644
0.48584448356878374
0.8461457716024576
0.2982618196510949
0.3725359918125164
0.9931276521266725
0.18559464895438615
0.6415401114113258
0.1287605018237875
0.8950649794265602
0.1056749627882011
0.6962460434434413
0.45147374299747056
0.520380710306901
0.40029413637616906
0.6672060839549355
0.6894873725910079
0.7029337393346745
0.41232126183526085
0.20728367266388725
0.6152666030109415
0.49583227923105355
0.46466142234867247
0.44325412339981696
0.050831012265808106
0.8987437424431642
0.7079050031802397
0.4987417636967735
0.9360950124611208
0.4001121378680109
0.4828791485347126
0.7192272546071361
0.6824582943965275
0.7975350924515108
0.7647511726730296
0.14161740965643965
0.20561424933388528
0.4647922700612682
0.9690057666548956
0.0697364456874986
0.5597302278618423
0.22410032988563666
0.04844576098379405
0.6663939471491037
0.8969898752425166
0.3787073634342799
0.3233559656224393
0.20288940851888904
0.5395670665673455
0.9747714374821527
0.6285303110070808
0.48502954599190107
0.3019152464252455
0.63478337009841
0.01591682230742597
0.683786448723246
0.24909296487753452
0.47901702036774063
0.494085983120792
0.7060614678843808
0.7521800341553357
0.17642456125077466
0.8742319296119905
0.025755609450257122
0.15272043709291938
0.3494869333940962
0.4748254974499899
0.4975418132168381
0.5990842925527337
0.5607876622697344
0.33025069224208203
0.2473065544668902
0.15864882548690962
0.6406072427612067
0.27445610685152555
0.13209193373516792
0.9084068582580904
0.8869252508744091
0.4091934448576311
0.6666816826377961
0.17393558558857003
0.5570667630247876
0.5765382891688647
0.4908194609635661
0.6523558881466947
0.6983052075035784
0.7134089475247827
0.7791629391791253
0.14971998690368027
0.4772560231050861
0.9771189680117355
0.25309280805436196
0.9502018862329654
0.28741595699528133
0.7201392243389858
0.7195973874696364
0.36158153862659015
0.4571539364403647
0.7187213646412293
0.9638429851866464
0.9316846523888305
0.18439283825926234
0.5653798891723347
0.9887031332341474
0.6310761655822461
0.16802396287727772
0.22787372592419608
0.6239532703982059
0.6037974925545491
0.6451623331301187
0.2131066545891579
0.5159574675135469
0.042939512464657326
0.8466338040961003
0.3267281209153615
0.1739532865046366
0.32719354038273474
0.7771000756260042
0.8578408108328974
0.15515139290674596
0.5247089782170414
0.9046429361994758
0.5776997525217155
0.9415408042568858
0.9287537776936372
0.44070374968111126
0.6533630760590237
0.2643663267648271
0.5488672617078028
0.3542562480919913
0.7559218869544547
0.15866163509337694
0.24980347216366694
0.7554338672095036
0.6001652259793234
0.6645017177865983
0.6692749918370368
0.18630195860268595
0.8550206082472062
0.5982616997429623
0.793792246721103
0.5295312286129047
0.6112572616480919
0.9813997633309769
0.031042051180895758
0.8287370942427772
0.4968395818036856
0.4284598312028214
0.6003651018537871
0.0823743035007346
0.5614926008003013
0.630496057657462
0.22515701012154232
0.39542583626347305
0.39707311200611006
0.2801573050616828
0.07360922010687732
0.0243137151163908
0.7192231828989412
0.38328788484663634
0.6214664023367449
0.5423515240478997
0.8428554222288377
0.6038301930027544
0.6992966281189035
0.4335233955610932
0.20065752351586486
0.5031667617773325
0.9376543928637676
0.2924154902540981
0.7470675657184447
0.7496494200460962
0.15189672191433623
0.6392623265410963
0.007717392927755307
0.1232489008825004
0.311526473520639
0.13005892107657968
0.9558993955450913
0.7511180955977897
0.0012893103391801164
0.9035159950536727
0.10474966951419051
0.6135749584101596
0.8281679736330934
0.5880479763953209
0.021996288440444878
0.5941430018374343
0.6230249901912394
0.687348838417348
0.9124853017296791
0.6430205058052875
0.32893287965463436
0.020338321472460175
0.37985738553006687
0.37484870902263945
0.8293460022361936
0.4956075734639179
0.4664945073304049
0.6162083831736634
0.43745144313891615
0.48642513051024616
0.9740035841122484
0.3555377031825476
0.27430258255314477
0.8121371170273889
0.3292088728209741
0.9802137141412024
0.20459803016051425
0.7306403227176405
0.7653989857756351
0.6959212172884701
0.7209440173917939
0.7055790536159061
0.3480675984341456
0.7395940211376082
0.41540936123898564
0.1626289473303757
0.17652944129614345
0.5886545072533587
0.77617206258489
0.9739346513511198
0.7423583326572686
0.15748757552980808
0.10500705162726909
0.989103166728904
0.46944009263700004
0.23006740130066727
0.5282281019139865
0.08733617225372425
0.8818861474399854
0.951984921341137
0.6898614230736263
0.14447111269903146
0.17540614810047728
0.4705688427007333
0.30550753831223065
0.7409588487175995
0.7898722161394566
0.7567465893409362
0.5763068877089316
0.7370809872751081
0.5251809791499296
0.34703703132756736
0.6911026053800615
0.7443933765110273
0.4117976845181873
0.9864753728146364
0.6644825180530155
0.9248896004670738
0.4173208317252963
0.1838609235818014
0.8198829526747881
0.6864574120237017
0.5242305569620479
0.5180015091544584
0.5617445996748018
0.815887808178665
0.2184384601214292
0.02408989779376458
0.512656712632979
0.48874833388755845
0.4918196627747796
0.4069088870067431
0.4348137362687573
0.2660554959657401
0.04451230258258454
0.6571097279651383
0.05764798956837125
0.3861607784902772
0.5079738369252091
0.9155993120966566
0.0654756636440692
0.3040749330533895
0.9352221023939521
0.4105178237416236
0.25524588363181333
0.24512004422943667
0.04501317640721214
0.49193157199470827
0.40112150919067613
0.174043748640331
0.30176865147068666
0.7831777266272206
0.3527592822350064
0.5567019732573105
0.14922331100826725
0.2098011619307797
0.9499042294448615
0.035293645094503945
0.9569556155698449
0.917654614265918
0.26387847043071644
0.8414361017199806
0.06662783005736095
0.6870121282260158
0.7197921224837827
0.6797659218549198
0.6680213552511923
0.6856259790299567
0.8159413472891682
0.001912278207245488
0.512213419217613
0.24724254569638426
0.9426480728779395
0.22323533167339082
0.7637711604012715
0.10680133212352394
0.9025285962919555
0.6406319639042132
0.9316715883621179
0.5264347369717832
0.3193197362019128
0.7933698408080182
0.313066243431819
0.697827047669694
0.5427511857949123
0.8012021321085538
0.6754926614310075
0.949309608485015
0.23620852256207325
0.050941251707411594
0.3209387215305757
0.734289822388047
0.8025124954781373
0.4601976367522319
0.7488320748680959
0.7855229234181578
0.184549773966044
0.24774451859757107
0.982166741164539
0.6049706233405125
0.3689710647098101
0.16618252744180761
0.3572904829255199
0.7194244368788609
0.11302640022903387
0.5610524050191775
0.585166869354373
0.5857312593414409
0.31701756718876717
0.5025378054524086
0.16484148386728037
0.21677249704393886
0.8853534219619288
0.8434481280449873
0.026433346578598527
0.20607988388765397
0.15235392096085942
0.2825926407995536
0.8297580234666175
0.7151628255233589
0.47590795532844266
0.5312274720628357
0.951611382832947
0.9198923299500941
0.25767405704634916
0.6601462599210532
0.9591049943829326
0.46602012272596127
0.44657084236746336
0.7860250142988409
0.5776048880202181
0.9415574189248116
0.266606193824536
0.5644727260615141
0.7310230125152202
0.3758278245664798
0.7345066798825675
0.28208434123704273
0.2627268272859966
0.20382920708412622
0.3540225743665
0.16137420387467505
0.7381791843388866
0.9467227507346384
0.2775392624401488
0.632504477467766
0.6569272523457824
0.2786393277527741
0.8738694005806211
0.9176609893268602
0.6080029168027847
0.07755617852498142
0.6914439225446406
0.7525064306721898
0.9629813677280183
0.12292187304229474
0.42590593267820165
0.62660194833546
0.22567320929770318
0.39973376418970696
0.3681913312803782
0.25298135222052864
0.8329717242827079
0.9958766720662702
0.9413923325398386
0.9736177332684036
0.8848102305707768
0.6800428943474702
0.12413790872366093
0.8585265051653672
0.9668059676984533
0.7074856302057181
0.2963963873999256
0.6902921429630796
0.43464389185754193
0.321909415807335
0.48742083876046394
0.8487608453979933
0.5287326744803665
0.9160799471039096
0.9042619124412046
0.5239314955951024
0.9331367549822386
0.4335623758005078
0.07463660092633873
0.5593171111575804
0.47507808186186706
0.36130738385819716
0.9276337512049843
0.03492450502843991
0.2716641585072479
0.823549298563944
0.024757890000289384
0.0789388421866496
0.7952462244993167
0.4434012210231608
0.9873867705184762
0.7961967140404451
0.4965002531158653
0.2722627451452433
0.969125589448561
0.8838376435474748
0.922091830838358
0.1059145244368146
0.1490068638056955
0.9940296560626064
0.22998926549047916
0.82889521873475
0.4102729650323824
0.10124449684491366
0.44379625462239225
0.8580293165152241
0.13744465790443083
0.6533242185044256
0.09974501959966675
0.07625235483318593
0.43915420248389303
0.2819399617159719
0.4774345323063114
0.3640012648370169
0.24675956027885249
0.856637453028768
0.601394198308329
0.39163108568651883
0.2040680416971118
0.34820483888635023
0.8532112122515801
0.8734336109798384
0.6649613185005167
0.49047978135637904
0.20866034302333147
0.036129857383830566
0.2841611557845226
0.8891141018893582
0.5454963207299955
0.6147855223019495
0.9879975353181898
0.2695092333243051
0.4151652720649216
0.08751847728620488
0.15756498768416627
0.1385673673945741
0.8536622350600029
0.9253337292492978
0.6443514279208885
0.3746460353701857
0.7057265351191832
0.2558690961212341
0.9912005176007381
0.9619771521827939
0.9917121729995805
0.776805573890681
0.8305834421958623
0.9093235385508897
0.047829532878769454
0.357432370103679
0.019709292308760284
0.9268808079318276
0.4841106020216306
0.5138825736315606
0.033701607008358
0.034836323753999254
0.4453390502639566
0.3186446998945227
0.6729221588777459
0.4118276493798153
0.5192021074936788
0.3196359573136358
0.17496368895114123
0.28262489431586435
0.06724145622759903
0.23840710826382483
0.30335358788440336
0.09869705797102213
0.044696228401373106
0.059292689803254195
0.12127685383709286
0.10351748912171377
0.24161489044103845
0.07352406718367333
0.8805377227191066
0.38391110140358764
0.34305861738244803
0.20059730407116128
0.42170097503389325
0.7995900762049918
0.15925845842606212
0.44006865966464204
0.9678580669397117
0.7406913110983117
0.9061754861972265
0.1977238285771178
0.30844589924414934
0.6313407218697618
0.04306080209754326
0.5818013503771857
0.8865368447166146
0.5662666747644366
0.4501803722496748
0.22588844503226158
0.7200813693850274
0.5868871248467653
0.5442350997477594
0.15495359509990214
0.587649367443513
0.6368054565796715
0.29690127491684837
0.5263874942887699
0.3543796469983327
0.6792269032996441
0.4954907958694803
0.7420133856715159
0.5422357248485492
0.742851172531833
0.5576934730923981
0.9838680100765667
0.13150972632091407
0.7371901349464295
0.5040635284464855
0.2724006356407329
0.7927633940055714
0.08125077024895055
0.7129624702157678
0.7924802248262293
0.8516003065594994
0.448901296508355
0.14449422463030992
0.7456216348640717
0.8818571359273789
0.22472616245055188
0.2675449629674045
0.9472589714414092
0.6549268290239695
0.45786079250621836
0.1861538058212231
0.05933805052738206
0.4543359832563859
0.18531825864956875
0.0272435223788835
0.36129141878545146
0.2530768940116227
0.8779015326756044
0.5737541564232732
0.6045876671113538
0.09248100915639412
0.9790664176327524
0.711387186578265
0.7844055738339369
0.38818136924409874
0.7433383165421382
0.3110289787159334
0.8558464057843634
0.3585692047437299
0.660605680842464
0.9656636086593723
0.11603833268919483
0.5048303260367286
0.8029229428455493
0.6966113292520466
0.2664752988334569
0.9858967291721157
0.7748069998572065
0.6212605863572985
0.18349150283369875
0.2695810007054922
0.7037206042627148
0.7823589185917843
0.3886686621761065
0.27774391286326416
0.7059822127973587
0.7022015506442841
0.6879265232342449
0.7161879166460468
0.6643636291275223
0.3599267109631572
0.49746969607246816
0.05733619466789697
0.924271202603201
0.43551919874311185
0.18996941902097597
0.5787942875982907
0.44677777197555746
0.4896448357608788
0.09006083523175168
0.8814797818477589
0.2155428607229093
0.2643897669841141
0.38948771106039237
0.026607673244888552
0.6700625997975846
0.35716456713544
0.28536699728932335
0.47614102753765863
0.9861589965379454
0.2574782590238638
0.11478725385815569
0.27148658468544573
0.8217324636217815
0.06408394342588253
0.4414894033299256
0.8262138493128948
0.912194404893759
0.6933101016295454
0.10964047145584921
0.11138506914950408
0.9084764284497361
0.012219462375456902
0.08896723752702684
0.4287902044437707
0.971011074101717
0.5508829084009556
0.7639360424585228
0.8326889899788515
0.2970153880286788
0.8116647178536165
0.5930016017221134
0.4131670664096123
0.7955962692482015
0.3094133157807448
0.1319035006923437
0.41927272967019613
0.15370710170844715
0.09213887042711744
0.9245725542636495
0.6265078957429222
0.8410288225694639
0.3252306118449686
0.6511243803372431
0.21480911274291892
0.56183414732858
0.9334952817781567
0.36600501610723457
0.08777539728432271
0.7781198378224081
0.3936915161646125
0.4706556852919922
0.25739773070033645
0.609921998724381
0.007424847498641363
0.595648984035969
0.3173534914041015
0.23228041106915265
0.593923297825485
0.5659689415518852
0.24462497409935802
0.33498639526730034
0.9492896572194565
0.48325380541421004
0.589992080632868
0.022308436854658553
0.5982059858462658
0.7181817018599226
0.3190111947632128
0.7490615638994129
0.5782041591225143
0.8309681180761175
0.9123618581300367
0.8875729990246412
0.5803427280361699
0.7249962984993078
0.2713880665333075
0.5586495880021187
0.4129215491129924
0.6559447482808911
0.8355386163306024
0.9593812770267092
0.3604467789289334
0.9736876404812537
0.7956567597549152
0.7677151520670874
0.9040150712786676
0.9004500956037591
0.047450929530221675
0.6249884696359251
0.8579873813719764
0.3736585652184763
0.4929139598743195
0.4468080065743417
0.17685331501651935
0.7231832910858624
0.41579147798940574
0.35077852848850677
0.043637100682353824
0.6118661178886386
0.21043359639414438
0.04335222792539717
0.6768169567316947
0.5677861814868427
0.4939288170998054
0.749146415799559
0.9802558540013144
0.2628620165925366
0.9901602260068695
0.45465060440715277
0.3365632571410738
0.2430060374360855
0.7522363847968431
0.6418176920844457
0.4899785993089869
0.6345820065585878
0.09744120492139563
0.956372109596327
0.7082725164680004
0.7486350494957823
0.061159744480625444
0.18872031999356575
0.1310712138170783
0.5107820631271074
0.5734101215281626
0.9287393003234591
0.18291145956548271
0.6091836984492158
0.5381058689342295
0.7566724049316008
0.8255092010380357
0.34766948808249065
0.057323427426089424
0.39426144372074534
0.595421121921796
0.5419657792539166
0.73200461219163
0.652147901181692
0.6455516850051597
0.987145980235442
0.7221719497223728
0.5948671530052424
0.8584484138761219
0.7098152906788353
0.44930801326652414
0.44842816121321927
0.7839595545087107
0.8894862185613855
0.07637203657433156
0.7306837764953037
0.9165701934493105
0.3365443260365444
0.486518368772373
0.3861483454338456
0.4003337149676576
0.737327827503981
0.27615787405851244
0.5158694147049849
0.1724621888536475
0.16177622995863328
0.6947903190268475
0.6361643003479114
0.0983586556789745
0.39414420522212257
0.8170775304534827
0.3227061457070515
0.9937012570173468
0.9913890811429881
0.9812275108130452
0.0013291022915725703
0.5456342437487224
0.4127090692489159
0.40582086578920173
0.9858036375282208
0.08042281357957881
0.01788181712813186
0.5237253425640479
0.5875519860079423
0.8527286659871052
0.9131176964297485
0.18627138016633749
0.16375485081578334
0.4764945304212984
0.7436418800643666
0.40448668670896326
0.05537219039206043
0.41957683657110767
0.29963344879063514
0.9123712779487545
0.8105823009519902
0.49219374177529407
0.771862316904402
0.3288781687351303
0.0049346725039616235
0.12331830978181002
0.8264983756240323
0.9032325683886359
0.10340344000318791
0.5160898004436569
0.7063746211118074
0.33482853885943575
0.36357389963543496
0.967201331649048
0.11539856931800141
0.5331401781826834
0.9724917292485964
0.5554673208313641
0.277189527461988
0.2534096222751616
0.9585936444827362
0.6257875779414557
0.7527834027875561
0.3802127865600763
0.0058788417892661204
0.8141119161498523
0.2240106907661309
0.24777662896563213
0.8742076840967741
0.9047032174771928
0.6122523060973781
0.4573831921020135
0.14806040312419622
0.15773778584925358
0.23162735125456102
0.6288096218335162
0.5917535421100987
0.5055364469031539
0.39800304174419054
0.42823735720836476
0.9191045091762597
0.07529783174746896
0.8991508490025859
0.9901086434709511
0.7613809099558775
0.40550872235027957
0.6430310185574215
0.13834658089157903
0.7291972911057939
0.5899747525242878
0.041249675685427145
0.8719230681376406
0.12029784178095315
0.3078060685594538
0.5375587674248744
0.04085911096789474
0.39287153964066557
0.5340891323696827
0.6208062291034564
0.28533599396351095
0.15432877070972617
0.7043336616084672
0.47700776152147084
0.4293668832232378
0.8456311525621885
0.9611153859158643
0.6593159057914908
0.8829561359017425
0.07003048041141957
0.15989606419930313
0.018347921635693765
0.26566148389104827
0.058362830277201905
0.7371120992037655
0.6969352190843192
0.5795628771446432
0.0030002113062046476
0.45328930221943564
0.6668834151212364
0.18366904372465098
0.011100179232255036
0.23956291241309358
0.7961832841043627
0.5049484005194455
0.00547988910489583
0.8378745392807686
0.031015579708877916
0.7324149263705271
0.6702575442680336
0.7228984999324741
0.2856342546530618
0.5105077284473637
0.5562606296593008
0.8295065468754382
0.32898651705971105
0.42302932427291773
0.7901368896005203
0.4011569043960279
0.6443929814509926
0.3512795518247983
0.45859851678180685
0.00021870150839620184
0.3408930194987715
0.14825525658524474
0.7822228853272963
0.22341312655999923
0.04011695179004826
0.15940241067611427
0.41279305903317676
0.7357793467430501
0.0817533025162569
0.9511360753736102
0.7931736954878407
0.6182609705350889
0.24256072179418064
0.7545620440427475
0.7232717011169649
0.4397556022111343
0.5512577422789967
0.5771036069496458
0.8821999512096705
0.5020650356687874
0.9892913333030715
0.540246439349645
0.7768582241356197
0.17952045237110337
0.47534811999001736
0.9554161711724282
0.4726553353160542
0.1872179338380029
0.09022419946973015
0.1024836500411338
0.6467534653752728
0.6751621451053943
0.6791161930156435
0.09432839405614613
0.4250542359103028
0.13448441244106424
0.5811553018703477
0.5303280286539277
0.8083215564451239
0.3581977313800001
0.6520330426760284
0.04393192124631051
0.08529936016436335
0.6668372703912435
0.8226594155829337
0.2271101387574178
0.9333480746474868
0.4921224970735515
0.8707411526529966
0.611470641682336
0.6680846645521114
0.1557674396834552
0.8213278822657188
0.43379086322476823
0.06525268270112816
0.30041464698794274
0.14731156345368368
0.8089988430242805
0.08542536768497833
0.718746558632793
0.5026878191938609
0.8270151449950109
0.9503203989221096
0.7748915423625614
0.6305226448540817
0.18993116464483006
0.6396370635330082
0.6679617276645979
0.38548503517093535
0.5495999954320966
0.8214904546972204
0.4526240161369952
0.8315330151925631
0.9237318871786189
0.30860104778397945
0.4156825438820897
0.947796960698196
0.17695184533687935
0.24572915861921507
0.9901320696688574
0.7240129880207737
0.7062005382602413
0.3847298188322532
0.0555861236779307
0.45010252217744395
0.8462519549203018
0.2863578406189168
0.3988914628525617
0.13762532793328996
0.4684544912253097
0.12801373764559276
0.8500612983837382
0.1449807102935926
0.6266695444195268
0.029928250939633028
0.5198960759508029
0.6288328059520507
0.3136128643749383
0.11328224809902765
0.08515587145819048
0.7222091131810829
0.6022749614171462
0.8820469958766705
0.9550631783067048
0.6632535161830757
0.43302735216211663
0.03657498033588069
0.18336340491468583
0.8947175406963923
0.902495185452393
0.8333791519735982
0.4252487154399155
0.04734356656964733
0.11727489079508624
0.6873478528589896
0.4374181993130628
0.18230188041858408
0.362805481003432
0.18034954559926342
0.021943866302411186
0.20625416353760417
0.25102952910389675
0.8355391675338388
0.30884535704515637
0.13768740341821695
0.043108142149367534
0.4284475107177651
0.9674313007474186
0.6451158445651703
0.6290256209257444
0.4078865142957998
0.5103466427886544
0.8038700100997709
0.10037124065168512
0.7328951816758404
0.9486277929333197
0.7873669049640746
0.7182832175379998
0.050793169687946116
0.728740009013946
0.5550307752286919
0.9148238099648522
0.10329402501798923
0.2658096549200005
0.3852838985549505
0.9938983115636698
0.8223973093670909
0.757125459962395
0.36176093794690056
0.3420526826046292
0.11439693214904534
0.7799589837173215
0.5649740578474325
0.7588871114355088
0.93758403882667
0.23075355196111502
0.645592105256225
0.17804797099518932
0.8109863213029709
0.9341154204266771
0.6112572322888019
0.07287714318185134
0.6208979828018343
0.025436416139790974
0.5598850037016431
0.24672503129246237
0.7236385225795424
0.7390480773348217
0.13132198447701127
0.01083128635679409
0.9370064267192996
0.6310393494551253
0.8048697388823293
0.3959345839329592
0.46800179557470645
0.5716581749012952
0.40787181596985667
0.7178673660826405
0.2155164335808354
0.7238781601318647
0.9434657517674342
0.9729382578789657
0.997977694423443
0.6637540640757468
0.10833393762529009
0.4770500013980591
0.8947940404695247
0.6063294944163108
0.3325560077884656
0.38072417825280835
0.930466670540046
0.21359902392336594
0.8061706445183918
0.2808149858097211
0.2885231692942719
0.6032398434622667
0.41213928538417877
0.14938425763757668
0.1641082706698086
0.7346746471312758
0.3511978446910815
0.07398309432384464
0.9212310658552753
0.8185030982958303
0.005849382886272125
0.46966930367614
0.8628385149469651
0.9571882862375042
0.9076792020383344
0.28546502198268275
0.011301950925196924
0.5953860102035856
0.3831755925303847
0.6404469592173277
0.44921237046359896
0.6107906175418749
0.38525854427724504
0.9961679666089419
0.36349586479691276
0.9454161841468403
0.3491749378759862
0.26072423653981947
0.13915487467542342
0.32942110259425716
0.6946320302583228
0.37401548660402006
0.2916153351959383
0.6821244199066411
0.40579840548827484
0.4575165626921477
0.966012624538098
0.49608035897359126
0.8113416795623691
0.6526797002657908
0.3270412149804466
0.0786034629377228
0.10979065367482499
0.42361286987973135
0.1005578500073957
0.5939845995987847
0.7323912050372366
0.9537259112786206
0.10157839571095784
0.8970315631746059
0.9920124738502113
0.057701393589772665
0.4849415636398796
0.8268258485020823
0.22247631956309577
0.47645755483947705
0.377646634550205
0.1060546008103499
0.9899628269743261
0.7528939194186175
0.916058875415335
0.2679468944296556
0.8742956247338469
0.196531384032536
0.9597584771059321
0.7949589843793655
0.530738342706182
0.4092040472266979
0.5471542787696982
0.7118260241325917
0.6174118131925397
0.3896836963558339
0.9104101201212927
0.2957045633774731
0.42372358071702076
0.18606579361908449
0.06962235833223329
0.2689908692696643
0.35357888501605383
0.28084591709159334
0.8458198712226496
0.6281724600334025
0.35487352842359776
0.41645504290778823
0.8912472426818634
0.530643145446406
0.6515632244962968
0.6834885974186595
0.8399951993913023
0.5942828378070341
0.7621095919247223
0.6601083054646287
0.9181650261408294
0.4036779828894641
0.8386452403435999
0.8974251770239505
0.659190577576319
0.3117764664835486
0.0415264334919625
0.8012096307549126
0.7762119259251975
0.8694720843520874
0.43879783633923397
0.2256660942527341
0.37258155116396696
0.09967165302455072
0.9886237421357273
0.9019358599869766
0.5690491751256833
0.9024068246901393
0.5558843391676324
0.3178079121419972
0.8753866699069005
0.7017975913859766
0.13853184376656968
0.057187459055313083
0.05709612126278529
0.8267751467285005
0.2965900625847543
0.21959230431990961
0.984036346563086
0.41051953625600024
0.999982670020722
0.6671581313516893
0.18214234173569388
0.764861819640756
0.33438993757588875
0.785368129865227
0.6133908423406633
0.016689782850383583
0.42416108891728355
0.24165099959411707
0.605644146773406
0.8404017284308758
0.32204433715606795
0.9102789049114544
0.2666928531761119
0.5633999133535039
0.622152556504762
0.3483520995489222
0.864571759567463
0.21426783348940115
0.24945364596476804
0.18770960464284892
0.6853446843065675
0.8360932338182806
0.5598343857906669
0.6090910903936708
0.2377912431539131
0.09368471199749706
0.9712323048717835
0.5342386958503395
0.528671400161205
0.6400944507105077
0.2749339004158522
0.4693977240895997
0.5534013892103435
0.9341589848932926
0.32408662830535795
0.7702633312062721
0.5293294903097362
0.7358085860364552
0.33487961106780584
0.910471348524741
0.9749559420026144
0.7728613459063465
0.5365219973303375
0.9128929576785174
0.6292011856511239
0.26862612808380326
0.3793076737193818
0.8453696902471597
0.1521091525714482
0.27673849197708333
0.7256376807289594
0.0577276594864099
0.4473088228161948
0.2572264172895794
0.20455355822338428
0.8847852657847042
0.9597471660438963
0.14331830290546455
0.47802214304040547
0.06172676078739481
0.9252943955181917
0.869939466700124
0.7356178954991304
0.4875539627034263
0.8610532380003668
0.9796786341520816
0.7313969203332136
0.3882836974131244
0.2787244449067582
0.049773396199820796
0.4837001762137686
0.07892896773763802
0.29324122692374366
0.5137229338409137
0.6944927292331282
0.631686013641533
0.3580333848570886
0.9950112649167323
0.38543626203836545
0.09472440629504209
0.8370592632631596
0.5864798536571213
0.050328280767586
0.375864443637437
0.9007670752258056
0.013970135912539816
0.327891073551412
0.0932293348272778
0.33308252827074347
0.8653902542922478
0.22010750418564096
0.15191981201317806
0.2502423499473231
0.9583033241571037
0.9154042888132916
0.46246779406415284
0.6271240862289355
0.19271643252581827
0.9694404861216542
0.2759291846043431
0.4347428815218122
0.33896600145185163
0.1249362544932161
0.006495524818694309
0.9111707563566054
0.41039872149090806
0.9465032041032221
0.9492309807315503
0.4407089231004211
0.014663475021976735
0.3961801893866881
0.9984321365856617
0.7455597176508829
0.4002838737689154
0.17305762498545751
0.5361401033164284
0.42342493970214357
0.9507215068636189
0.0022310931029457803
0.5101823951313125
0.9348898899327069
0.1860387344024138
0.8543560783412808
0.3419973899029729
0.8188825544818576
0.5696882872752755
0.4622016509435214
0.2992599554443056
0.3993211960762134
0.33789686272277997
0.8097582458264394
0.056633319473043175
0.18297482527830267
0.10787194175266834
0.07977879280169209
0.36067540305113566
0.5947927787961343
0.44630947229638873
0.08343932657907516
0.9628400527982863
0.8498255391556153
0.7678117095599927
0.38904543153099125
0.8102010076046068
0.8012892084516902
0.9954103286748796
0.18140422750230845
0.13378862366186028
0.5563461094102097
0.20482312067221187
0.603723078491687
0.19202051304745094
0.37466520524972124
0.5012651492396136
0.1854133953395809
0.3773912800867063
0.9360277886041063
0.5527460503536518
0.10808776630163663
0.16330965791996088
0.2402883624668125
0.3936655686836813
0.8852370601777434
0.0793302992219298
0.6015368967919529
0.7101315866991381
0.1928655088804504
0.18530592988591343
0.939658541297323
0.6644303180039088
0.3280272943545165
0.40762628889529784
0.3656313900698509
0.3129931194110078
0.41430626574399754
0.7707789404627214
0.08990593801798485
0.699607050978597
0.7040114893212497
0.6125046162228557
0.8858183400655449
0.5404049780256308
0.3978405794886116
0.6030608156870486
0.8034991996670584
0.7427408942479075
0.9855551898841397
0.7625463721341933
0.15477181334612333
0.8810797166191452
0.7957063290648428
0.6082858366603446
0.6414984985103716
0.8007444320814671
0.6410109507522872
0.12288447850451911
0.08224134518961856
0.3050130854958141
0.13868412281601372
0.45016757469359314
0.7548781183544736
0.023346105847051435
0.248583266252154
0.9031614857348323
0.3284852686595289
0.0003657991241591274
0.12279139950981488
0.663736922318192
0.1517790542679277
0.45954991642966614
0.6356279536211717
0.4891852675431422
0.44105262132010614
0.9941227104213984
0.5687134569347884
0.8488510888456298
0.7872879160941382
0.7263072893501045
0.5686684459757245
0.17931397067136112
0.22740010729313764
0.13083550509219932
0.44190923502030877
0.9488680124074966
0.4047375362159309
0.6200640929898377
0.34085082599807826
0.3367795803084688
0.5049455139977814
0.7400300689147209
0.8370349834233155
0.10364721649202258
0.07410296863784793
0.17569623865455442
0.12067064578405529
0.04428533214869734
0.40730846033357737
0.80078084700904
0.2265521185920234
0.38091122958784895
0.17286213773112147
0.33910647814783446
0.0035306316318057807
0.7941743472861817
0.35410256799448914
0.3102770982058204
0.07370544413503954
0.5950374315512483
0.5066709532954667
0.041616172173345345
0.9695055399189227
0.8703291329046355
0.11188144937390254
0.9199965734124088
0.4888555356147287
0.5986392174802827
0.36202628889998945
0.41942670457890396
0.6584191462883823
0.14764035901378159
0.05290093925589623
0.6657393669031954
0.4787670457235699
0.03133075845843758
0.08238637746601674
0.5025410706296646
0.1551698994473354
0.5776657543603405
0.08556307171581412
0.3939836426799891
0.8792623208170744
0.8260901571586702
0.8329450891450355
0.053940295715992126
0.15071584946960648
0.8284605426874347
0.09860254652792766
0.23516104142368288
0.78519881063255
0.8330925618257525
0.7096270526541241
0.11793353567574438
0.16513949283767737
0.845903748846335
0.4503044558930007
0.14852151023716686
0.6149311086961294
0.5444346218878136
0.9620585366696507
0.8554348571692021
0.33099636627674534
0.8714198408803463
0.7492993771127148
0.33893811619801517
0.4241360439328731
0.614395586909005
0.23170567555899335
0.2575613859315812
0.4759946417130043
0.8408302214232339
0.7936027817330662
0.13998546442182935
0.7365339300740902
0.930565602382137
0.45364317318274916
0.7937076470485894
0.6050678198466433
0.32178646704148717
0.45506829906465873
0.2591556213869475
0.6694251601259303
0.2746006545451951
0.26329473627736866
0.7344354782933943
0.9133639922417639
0.4410198633217801
0.9637676867099505
0.9371806314505928
0.1510775783917342
0.3215772078808834
0.7395157954231437
0.8935698215891517
0.16835790849386523
0.34729998834669684
0.5124965133597106
0.5156561379490856
0.379427737290281
0.8681815651436244
0.026820086028846224
0.5509070418670917
0.31024545611316434
0.828652593069946
0.6939997852653921
0.4374581223210049
0.8680960299764329
0.9696137467244497
0.5508514117520317
0.11931908590868001
0.5393303565070925
0.34737623312979116
0.12989622973710535
0.6866166492265141
0.49779355149496307
0.7915825427429973
0.4890881030435349
0.29716898486054777
0.36839869241645984
0.8857720177123313
0.024437976961564467
0.5903768526917577
0.9047225843826849
0.7485847155345361
0.6038766667496231
0.07937190183521214
0.26762036429248626
0.23961738888849038
0.1488148532860153
0.123227289618689
0.41373256441591155
0.5985073068187009
0.9812118364890745
0.11241485619570257
0.8747884310701057
0.18721965379732708
0.7853447627890455
0.8486438163146693
0.8732785217615456
0.2148937486975473
0.8064809659602312
0.3945469672236135
0.31413880883565415
0.18802080030125845
0.965131657677532
0.5381537155902715
0.060651736677789114
0.92549361512899
0.9088883087629989
0.44281724806225653
0.061530824118039784
0.5573528822979512
0.23567237564736865
0.5062602087234225
0.4125756077743088
0.040191036789201884
0.6684242449031162
0.41532637624616875
0.2917869741563438
0.7234045640707261
0.9222071452609518
0.9592150631992149
0.021507692397243927
0.6397242325618049
0.7213453501182758
0.20773646868046458
0.47522888527525775
0.7934697059942203
0.3558739777795905
0.254888168048516
0.07073127512683575
0.6553638346238658
0.7332396886099357
0.9954348729259542
0.6173817379547142
0.17864389595839358
0.666620068232278
0.8365973573730204
0.9083775553473462
0.9796486276188101
0.02825558510252013
0.10189114830591872
0.9704986267162454
0.5434186782097561
0.5908310489175258
0.6184896056789769
0.7719783504594676
0.926007309288678
0.42295184514535555
0.4983856459398176
0.30705693312890003
0.1524391325263531
0.985537911083944
0.09557175946691232
0.16397843719817395
0.08981502366355631
0.7729556054495867
0.6696040353107835
0.03071454705671739
0.8831253264769413
0.11289395645095379
0.21693739141030066
0.23311840851552235
0.6457270132595603
0.7622632313109832
0.5026499589485708
0.1121922488136039
0.04377313499662694
0.5636404970022626
0.3299051583952577
0.744615774300725
0.2878354119024856
0.001814512923315359
0.9107150550262093
0.6145871075028818
0.3401245353233223
0.6958614493826083
0.36546554536079046
0.12942745812652268
0.12483459893636162
0.9752440815622299
0.45604848405642706
0.8255464737096834
0.19127840546987984
0.43433930654324704
0.0767287907579779
0.4801310827710553
0.8578228982211894
0.14520202824903516
0.9944480859319993
0.9697706868970173
0.027950322976213915
0.11589121193165985
0.48223440623649017
0.6542930611861307
0.8220254145279735
0.29271320229235653
0.3021398421187138
0.8674598667687851
0.7896541043545934
0.6028102670320507
0.2784586754033982
0.3252600471421616
0.8553890410883712
0.13737984372141565
0.9851289514259287
0.684389676606505
0.7788973440998713
0.1959336785604473
0.03899399593610908
0.1765556082462626
0.12490784388642606
0.7290570001721636
0.4221403601732764
0.8414829484065579
0.18761110269508474
0.9186512952481287
0.347524948422993
0.05381778683304084
0.5423939911386445
0.2225361844949092
0.43814254344298476
0.7722053974787808
0.9483679933551442
0.47986469960085665
0.36725889521066646
0.9914424250671511
0.6927536809814353
0.08853286273251493
0.9229790043743868
0.24953121735464667
0.6918381501675787
0.9352314659432827
0.22841988791397028
0.6243924551359323
0.3397360643349939
0.8736432086736449
0.22238362923185384
0.1752070611659855
0.11735955315714519
0.4395902997079073
0.8565512436700251
0.333706723725943
0.5950040285571128
0.2631814576903525
0.6171281819005182
0.3522708932826889
0.8660789383558528
0.7981356543853015
0.17025925323380753
0.32212388380935386
0.7858383131982859
0.7563731702692382
0.8106349026696927
0.6407111256958663
0.4148989852456588
0.9864403355369512
0.9724199362442667
0.24835020332541913
0.7604319658276902
0.9397202822550919
0.2874506034229658
0.9794775019916839
0.3070629161340763
0.7176866361645392
0.7450555414201578
0.40985300688127435
0.1757316113055446
0.08421351597286086
0.8524970608486387
0.9379733987642037
0.2836329309961254
0.8802792950548672
0.3966950490055041
0.5513980511602544
0.04261921442379857
0.43778530822219996
0.4141652131136482
0.9856615920465789
0.6027979900497987
0.19665142946844827
0.8042030372832503
0.38427041311141896
0.48463111188442987
0.9843083556016711
0.11980697291615439
0.29193508340167473
0.8960930841779957
0.32901562229194503
0.7874622023067372
0.7569983235254921
0.5218087522290185
0.5619006189341397
0.8391105416711825
0.4607888099999
0.03444036120675864
0.9756702326843311
0.6698191979290086
0.013901453663578422
0.946336399561547
0.04665948515724083
0.13178761702535768
0.8767078074092385
0.2509051730573756
0.06982846486088623
0.7550790744750195
0.6264098096316016
0.11657933451066882
0.7730446241786307
0.7801083591160132
0.1975665298636261
0.8577315401241711
0.023063693937468988
0.5723323040651964
0.6622673160944533
0.9177921251032451
0.5436858337161831
0.3647009181296814
0.21558324286349184
0.939537758587221
0.4249397923242596
0.2559541685260721
0.2836119359520197
0.6524807020882748
0.7697669617398276
0.3816882779112938
0.7394158764653407
0.6232250589420654
0.4435725770329868
0.4271488403191769
0.8568057325235054
0.9520173369671223
0.8216367760011155
0.2613810875722906
0.7168803670844205
0.9167380655678098
0.3342700994929225
0.7632422886051814
0.2516564580346312
0.9783667480444872
0.27302838434228627
0.27450697869899976
0.7409659228271126
0.6066109099161857
0.28059480245004265
0.26543322293180105
0.6373655624088319
0.17749561791425006
0.026002566087309886
0.8567004921419007
0.5347670053179401
0.7409894789504728
0.4594547582439714
0.14174976253567328
0.5069153632869767
0.13354868797710662
0.5364342789345664
0.5648032498801075
0.16400880218477853
0.48030846146507944
0.28200915599995413
0.28407539830302264
0.2005079878567233
0.34071314973567557
0.22792758530772295
0.9607733128015705
0.4705799698390948
0.8506903909642504
0.08597428380387895
0.30170308852005423
0.5767524706401315
0.3559215135238273
0.1725145064909891
0.5789278583544654
0.15383305417457305
0.8450179884848723
0.6052481937033518
0.25104945110398147
0.9919929217003095
0.8874248941964012
0.09460102468358411
0.658205965918033
0.7339747590296131
0.6721756570483699
0.4030118882188587
0.34015646816822054
0.40722618456332793
0.3870795958645804
0.2694609583479419
0.2118297753577716
0.31662085469558676
0.6460300329318353
0.1491772383504425
0.9738828004795901
0.7348735295765729
0.2980109858110336
0.05245511626526178
0.6984105259367939
0.10284558060200122
0.316516358466573
0.050308734887468565
0.5591104293984834
0.9548726669585293
0.9481824578367585
0.353057302766425
0.7867367656543871
0.08795406325414179
0.9819182320375925
0.7482799807389123
0.8538728832706151
0.5506394242894739
0.48828429627440295
0.1980248419483257
0.502529220769655
0.9650116728695743
0.4413094051472851
0.2235794836915348
0.8025764239549736
0.32741339342385756
0.5938809371917431
0.6822899333881254
0.2873692862294277
0.46058669682903564
0.5484725063562029
0.1752231126206737
0.5267482790960525
0.17629291098374344
0.47599189563219946
0.5535993763489866
0.3173208449630692
0.41268829500455806
0.2356881559497006
0.4796916589632161
0.18713250294661743
0.9178914986725655
0.22343529971805853
0.4353713510684173
0.7371727435332078
0.7364526601194347
0.355352929770701
0.14279706994614016
0.9212074487391181
0.16969641232036725
0.5581454897730139
0.853433567715555
0.30154322689986846
0.5041555027441882
0.10438544597793065
0.4407932357837938
0.7796321978246358
0.11727593316233997
0.9909515870070865
0.09988471007847244
0.7406526560275537
0.8334657259850494
0.08723197801283877
0.7502680279554209
0.3987333913071144
0.6128761605648696
0.5394870718125336
0.9087325403210955
0.20639989677934312
0.11112321676022163
0.06791564853517706
0.5296462587738061
0.877905719463741
0.05164044021078806
0.9037570270777345
0.4950796407157304
0.600708671563237
0.8419519629389267
0.4528258620965231
0.25371889202538356
0.056219121510327486
0.7351615034055995
0.34077874435702693
0.41359113679888704
0.9796685309925378
0.3303694814581951
0.4411142573719311
0.8579192983696602
0.6980258322617886
0.7836780694831882
0.9624618409191491
0.40998430031852817
0.067942639641002
0.7007188386540047
0.8509873429728657
0.39892998605783914
0.2642235719142242
0.9139954332811959
0.5440683451789946
0.6516895498535098
0.7920190991805107
0.8148294724599646
0.24692588179130281
0.225568106060121
0.633793535299228
0.3563685212127895
0.5958165300081654
0.8502483878947991
0.3833751793916771
0.06266673872844652
0.2561201580081709
0.40307100496896475
0.30020944382923065
0.20732588725227075
0.1855842761026203
0.6893102936047624
0.785585816862691
0.9273191052566429
0.6419342567313803
0.45435397918086795
0.488687953872591
0.16323926794399735
0.9488995706927397
0.6506594691081
0.739472892859316
0.8193275293014963
0.9276566980240638
0.47462927888263706
0.11660985296804804
0.549033696713148
0.08061528421912945
0.22524224061000853
0.137270755963266
0.515550047472835
0.8021638171071364
0.6428360551008868
0.8957993568802253
0.9253665988136194
0.7578999911868168
0.5852596599163967
0.17218431590349514
0.8213043689511498
0.1264202251847295
0.9703217475640586
0.5045993149262804
0.26630278606877433
0.5890042264860369
0.6278846143971786
0.5599142615449343
0.35826951541523844
0.5522455155049786
0.7800395351542099
0.7882930131825225
0.8115194613523892
0.10302363845143592
0.4094818067971826
0.6128378805363904
0.7410391718480673
0.7990990658072212
0.5327449761628563
0.20088229258197465
0.37402138066556223
0.7756075535592202
0.18489755386647588
0.28336620999148165
0.9354216754265203
0.377334859915588
0.12798510569189303
0.14911039867250375
0.790511893557642
0.2880719226940335
0.3732414235595697
0.3410756118699516
0.5076483286649954
0.24579688710026326
0.5677727117592017
0.2221986250478154
0.2518335191224459
0.869810093866874
0.9605041169844649
0.8724961540857809
0.8154270634968208
0.8772824430556787
0.9961722078546512
0.32765434578823716
0.17254716099535916
0.390379608789607
0.17761026282703563
0.1796554327921993
0.3138684076978753
0.13390984252813232
0.32915812865346106
0.03952075151447698
0.4231570285707744
0.24060494552885903
0.45534127861054796
0.37306939557628926
0.001425973342280118
0.5760018512827909
0.8372313712416823
0.3142267326107874
0.5708009385606615
0.006627710725812586
0.019234453761452275
0.17120192546278212
0.8544400959834373
0.9274839446951456
0.06681638159412351
0.7052485099919674
0.413367369749138
0.03407163173207062
0.5965415709301558
0.6578258601286062
0.8636841379325391
0.18400341841545143
0.06100002057048137
0.576743497837116
0.9680163418108646
0.04047645083518958
0.3539659736257522
0.9294065728814591
0.46160998862382063
0.9274159609552388
0.63623781662777
0.4327741332667364
0.1829725923976011
0.9436726076100863
0.3504620196077195
0.6767414120618643
0.7346061818373759
0.12370896714928836
0.17393378494510692
0.4037173376179719
0.5275725371721627
0.9889038741160163
0.741788088155339
0.9683003217725242
0.7084307172206504
0.1439154806684505
0.013397842805352167
0.05548267142184071
0.6284725615240945
0.9099704234103704
0.7820093626389875
0.10227147501911937
0.8647925574173098
0.2279026904037822
0.41527649765625796
0.3404006357113567
0.4850371767967919
0.17788058470533508
0.3408990918180349
0.27780298346700527
0.883600155091686
0.4522202810433641
0.1824021449083505
0.8259574069923304
0.6152825798756412
0.9835062480641024
0.8120774772538001
0.18051068617955168
0.4489427591223796
0.5366069719271829
0.3140025766179432
0.7923896752949958
0.09028991139338816
0.7493896564263965
0.3555141230168525
0.044283273742208196
0.04925742249244869
0.9863402485568994
0.9658441462268348
0.6388162411961144
0.9994665580337059
0.9890248317997924
0.5864026572804103
0.26302933026263764
0.5251302814712974
0.8746644534982998
0.4177043812769313
0.9571080799181834
0.47645421823690803
0.9340520968267432
0.8533944235480766
0.7397050415527409
0.055737679389146644
0.7095963338103797
0.1997313207931004
0.6156161564377528
0.2006123567030328
0.7122228328260203
0.5697177942826478
0.03975480987026958
0.5270444936322686
0.1194261938194825
0.4857841161351524
0.4508736055158161
0.20244020982834798
0.3319228958400222
0.27294138829241654
0.6973841971576541
0.5992997076183108
0.876331486639933
0.41626185715808073
0.00577168513836368
0.6738174066895595
0.042779586911477874
0.29652630757692733
0.6179788848270511
0.6816373384334052
0.8486834660529649
0.929729166324722
0.8243842062882287
0.47413343890942494
0.9850843548641302
0.9801580376989978
0.5181139513830774
0.10898563773845094
0.40409170451851517
0.594996573352406
0.48602257809366656
0.1742106067323036
0.5692032634918297
0.44798147435701285
0.5285269925525087
0.7765867764982165
0.13961152562402335
0.9633557405420281
0.3318687802083924
0.9873871418445436
0.739051857219538
0.924324527607605
0.578675709604122
0.21205537638729277
0.5453805648591293
0.9523638564109342
0.7707082950428534
0.19699940247097503
0.9219040407525476
0.07259416811247055
0.9140929101933027
0.4082199209543961
0.9964713862401869
0.425560108347922
0.5599613883676302
0.829349101715429
0.6339811544739656
0.664222136490028
0.9990965926258334
0.9229478167434801
0.0006717863427391224
0.2520479563077339
0.8327723341048133
0.6516229169476951
0.7938412725915757
0.8483468220275704
0.29131940847527027
0.17477934096025705
0.0942815529398604
0.34813246747306226
0.815351252888115
0.2612231219570651
0.3273639844215326
0.05505505766216667
0.08186750105113283
0.9412249307624593
0.35192965388396324
0.5914367343837884
0.8600091651484426
0.2638940731666225
0.5921203757569306
0.8524252039419046
0.545501697698566
0.0866210896553522
0.6041936668748128
0.15381998815348208
0.19873936448109142
0.2456990059800348
0.31995342971587004
0.3705854611153614
0.2831501822092556
0.5800575852973726
0.06114334681914668
0.5667177243565893
0.4423418970024068
0.4375494724909704
0.9928930442926432
0.26654214781912944
0.47780441479020475
0.1328083464424763
0.9566112947753513
0.10000869014635083
0.1686761439651373
0.6618835861308697
0.14599639295148814
0.19242010307866242
0.6004880020012471
0.5219966386655004
0.029625859913693597
0.03472531483432373
0.8475671864270099
0.38180537389356484
0.2065168544459468
0.4875973676195915
0.2708376175869912
0.7791028550083842
0.21891814454247238
0.9508510523459254
0.7205887308001229
0.41951286080435723
0.3393655497819492
0.10267424300994354
0.6109118616849375
0.19280399797501102
0.5300756262359048
0.3916807933880867
0.6504995596765384
0.19209518423533722
0.14727159582120153
0.6414744421097986
0.3347541500119334
0.13674024423345377
0.18311217996006923
0.6200504628576889
0.16596756938426827
0.48589557557375096
0.889585364561207
0.320785140182988
0.9221335503642062
0.1283946238693522
0.3287425845590467
0.7714857191765547
0.05991662381412588
0.437928085555664
0.7672248915365173
0.7161323674681622
0.3264909321746565
0.18695199691782116
0.6871433229305929
0.08788093887167114
0.03371667406343748
0.028349675489540482
0.05568991219972308
0.242234852944058
0.38878646696775165
0.9948023096017915
0.09303653626259001
0.18423021139136653
0.5659514648589814
0.9676694202123198
0.544134154773739
0.7889508801532576
0.07681809315910149
0.7065595239441862
0.6783829295480964
0.18644146942639472
0.8369786283413253
0.11669003274834311
0.053819726845159566
0.624968881311437
0.09673378235481234
0.42944932284587733
0.3036405094576382
0.5755449957723395
0.6227975465817371
0.5917921515776646
0.8154558334563482
0.6550895662334972
0.8019793752936685
0.13241797951217193
0.12627174978307365
0.5480406172536161
0.13647549931363234
0.7376897228193888
0.8431985609568655
0.30007519192968923
0.5620959520429178
0.8215659789025334
0.3075793721166671
0.5777459175917479
0.6114030760721728
0.5015932904967668
0.37863593281403796
0.1923779398412846
0.35002856293118323
0.5284026143638952
0.2603335762885707
0.8352307034825508
0.32123709885822327
0.9974349108036281
0.953417909780469
0.611732904300412
0.9314812285556373
0.9808638791816119
0.4989165559758586
0.49073806538263265
0.19186288858817957
0.6015204790674312
0.820808818518557
0.8059986286722793
0.49962906313066857
0.4380310494437597
0.32532762866705245
0.9000587118083047
0.16927509387759543
0.41406990523664233
0.08706788420739031
0.9747456335938441
0.823549009679423
0.6408193023120536
0.38798157388989507
0.48861634011862676
0.2381574234741266
0.2310754067076527
0.3383509629495378
0.5859706943308473
0.8850854892228315
0.7793918571551334
0.7121776120083092
0.8717648325291799
0.8542523779241581
0.09743764250066078
0.9262405945012617
0.7465049167913361
0.4419915385612976
0.4726741089761137
0.3424272506946656
0.5621878543552946
0.7253060133267668
0.8602412412263231
0.9143521543385901
0.14160450922029533
0.03190290092877113
0.258340143798811
0.5982449609317478
0.8815755003214066
0.1425166898656739
0.7786412783041347
0.25178929687660756
0.8253993100354108
0.9817139094418591
0.7316282262977666
0.3187636110754535
0.08402087285661974
0.49007797125692654
0.014736251995614902
0.8341522284743407
0.06785941259189143
0.17889039819695962
0.8346583295677847
0.7349839940546635
0.8603250160342687
0.13053873288366347
0.7449077927927431
0.8683797493883145
0.3212971808329289
0.21447105641247255
0.1727115547139868
0.6010393983579919
0.8777909110881097
0.37248088625246467
0.32356235969058256
0.048650538304093494
0.5995998272870914
0.9937811565842457
0.13980569671554788
0.9125994410024607
0.7619831963733296
0.7024134872414503
0.22189093602122145
0.5821222520555398
0.1164863079085875
0.378978232347703
0.7966573373549443
0.522260901214493
0.9543964970827649
0.08362777908443231
0.06821151523480518
0.7506872482189605
0.1312112645786765
0.006628496461787203
0.5848447987791796
0.9605555499277835
0.4446848594586855
0.635393395206902
0.6930540172043572
0.4695720063532943
0.1584017192745144
0.9886684641510726
0.03187758435968613
0.26000081921181317
0.30630167795952
0.23707187533532592
0.0064641748114202535
0.3525702659554363
0.601902363532407
0.7462890809426678
0.5878429303017914
0.28546873817457197
0.2147759326233476
0.8597660831477627
0.29850728731739595
0.40226908714786624
0.5713671235394294
0.8247412925486883
0.11260155219386103
0.8854706920389182
0.8277285012190218
0.988722131084717
0.8351275395330942
0.4001681353882094
0.46633251067201076
0.1936242131050565
0.0870663621520914
0.38157269732919985
0.6141358578854128
0.7922739880267522
0.9199681403383051
0.41884098541510395
0.8713637932338422
0.6510871820317178
0.6301724837568338
0.708275014367948
0.32757931727733147
0.46128603582620187
0.983606792413942
0.18232189943588817
0.13130977037479963
0.6788836012093209
0.8315425552172307
0.7545637292372411
0.06433076328248588
0.3484741358733966
0.8494944794850018
0.03037120091433332
0.5197019835644573
0.2743368607654666
0.8741513224598106
0.9153091327009364
0.45203565333220797
0.12626242276949184
0.6328930599823394
0.004197476868370464
0.4648927086035688
0.14095956583890545
0.5280729500502115
0.8242456409049812
0.07175509028331939
0.6849911992515108
0.7048528025797995
0.687084781908285
0.11520033860649448
0.32619467279090497
0.16520354298552498
0.4669791385158304
0.22145299512824712
0.5665837352176238
0.5730498618352089
0.8183701791326536
0.28405152674346124
0.49215276671231123
0.12741437362159658
0.6890170265223162
0.7134855156782973
0.9355708639279189
0.39916940087327224
0.6662931851274743
0.5041137810665286
0.10063078132930714
0.11437060813947464
0.2604876975843958
0.6696156381700705
0.34902904433387716
0.07847262189969118
0.37217720195903004
0.5294131837553887
0.6767904778880681
0.4011931756674455
0.7915692044320263
0.6028216136528273
0.36064973485602625
0.10437745100172269
0.9164319731686555
0.15277617717814607
0.8518524851732573
0.5348773478420992
0.04077470751756307
0.22896382209022925
0.7493495014870976
0.8751706239620242
0.03313710272865833
0.5661291706213671
0.5217708569935284
0.458548010175604
0.2534138556026314
0.7725834261034455
0.010310364948440176
0.8002360559575118
0.9232218476649676
0.9240636780822588
0.7216719956272949
0.0684532491987756
0.5211971227967613
0.13997087338570735
0.4154735320317753
0.28305929383455686
0.9219124684670963
0.29341045987880954
0.5539970208087561
0.9972659250656966
0.9810060387074971
0.14333860550788713
0.26281841317117793
0.12465811788110936
0.17026795841538478
0.03917281625628988
0.7654296856830877
0.6341087924396724
0.9180794065945825
0.39181030345496226
0.2805921539434181
0.8596802532749066
0.9114906567005074
0.1433297594680557
0.5631573350036198
0.12634734930848956
0.6690879541828902
0.8514450393111196
0.4798032785836702
0.839463605340095
0.6398518703269952
0.6899043519030653
0.944289677814578
0.8976699866052499
0.8872958977128398
0.2883079310060309
0.6797553304868426
0.8050877657294342
0.9289054039090057
0.1086522222372045
0.004397133023248734
0.6634819513662332
0.8014583457244825
0.9430856824277285
0.6694940526641475
0.5855189143717235
0.42703584636654157
0.4096862092026451
0.42512019537452117
0.43845803434628616
0.0759597863815521
0.6895444291165901
0.46630317785117914
0.9286176375830292
0.5924242305093547
0.9096637813909019
0.594144174746405
0.3298216794524709
0.7065263027798563
0.6251638640471319
0.8285909839486654
0.5357009839086236
0.024989835151492668
0.034032988237830075
