0.09850299667011442
0.5598784597116924
0.005703470899689589
0.7964129533314828
0.3784097029866106
0.19109554706473864
0.5575325225440809
0.6673266809084203
0.5034139773451419
0.4095532097236695
0.112780189306398
0.4599185635806835
0.18787600465942722
0.8669474174357822
0.539686799106761
0.7574095070000205
0.2033114923782403
0.45015239548984187
0.483249704761174
0.09582471148742533
0.07433739112307913
0.24298462222286477
0.10314191990181687
0.6006938931501816
0.2214102884787995
0.8056316524542013
0.9397419002370654
0.3269289737084674
0.8660252882300666
0.6794760281101122
0.28496367911660403
0.241853731012171
0.256319720510524
0.5879671982302166
0.6423996120198605
0.5133421905915434
0.9040753803174069
0.6520592045188972
0.39162835853181566
0.5470580949758669
0.959845799310894
0.1428573034399967
0.17034377836444492
0.8802803688061422
0.6000304664786162
0.7634071156467901
0.2377809282611758
0.4173361661243281
0.6367005914229601
0.6123859752861709
0.9287162484556215
0.16092449039410162
0.9224137391964714
0.21167674033463268
0.2541219252963931
0.6785272311357412
0.9007576761136574
0.9394505081372577
0.7362734720300101
0.4535365906292331
0.3758043833502366
0.201385786095705
0.47601362807321623
0.6463917595944682
0.7231058070343043
0.9603202810736522
0.2913025773151764
0.9838239185290084
0.29622913101853565
0.5159315455794318
0.3073899197734793
0.6411048359017226
0.1620619137175653
0.6117859553127476
0.5890637811007078
0.5848066402826473
0.03241916551322799
0.372242512517335
0.266178196273424
0.5716581146737237
0.41486543730196945
0.587333264058448
0.6038163251064295
0.33070710737790465
0.9139098654948078
0.8404885683164018
0.5908406613007878
0.4971589639495734
0.20989316593017338
0.515271337585479
0.5998784540192846
0.9496184199693073
0.1042415656197141
0.08029178532807413
0.3917765252018752
0.5968186706073576
0.20840763292304298
0.928075493418107
0.7207985349749622
0.7962329150861951
0.7680852944944476
0.9740027371714302
0.22570828089172046
0.5878418515246737
0.5906075554138946
0.4648133775947829
0.9638482975633584
0.600880854064727
0.48898415030610576
0.2197845654689038
0.45472931591045906
0.3129109338015197
0.8770010790424849
0.4147871042655329
0.5092907479018174
0.12093392810112025
0.6514739397868724
0.7743304299646908
0.6852229094889152
0.7669016758632853
0.43116139954474686
0.1685360407649329
0.8999626484723308
0.5873578971684635
0.32046533304309266
0.8317318531634854
0.4904495171026195
0.25115367576747705
0.9286792208344399
0.7032496716623253
0.5464555839317311
0.9609964570978959
0.6818173494409269
0.07797614434438993
0.8134486551304517
0.5114935574458485
0.30569444716011995
0.764462150775449
0.7630704112687117
0.04569540363982161
0.46586203061805964
0.5391518391266859
0.08605735725502173
0.23125402002932605
0.7596470271545455
0.057762242383458506
0.18540200595764977
0.1165464579985328
0.5965091231273344
0.8772669668794254
0.06455666980024066
0.30487512864614197
0.5924303285476709
0.5746320256560445
0.7077875879043335
0.5090918252818681
0.4142195795269068
0.19916585592146474
0.20331514801603667
0.46826531294893803
0.6338757114179476
0.9527426801292711
0.6106018275338372
0.9197075009363443
0.7891462904175832
0.41076081349046667
0.6384112452179802
0.1168474442835088
0.40676036359385515
0.6377561627130933
0.5252018884387045
0.1430988077571358
0.612342460403988
0.23400033997762326
0.3372766417855615
0.5614481958115295
0.3731045929418313
0.48730147774948507
0.15153833988633736
0.5327418111668363
0.04063900940387244
0.41043912308097785
0.26912558497206185
0.6849107370037282
0.9413042962709894
0.019174886192060536
0.8306370503106757
0.8041683416729478
0.9662789082405134
0.2152384293576196
0.6208143406233654
0.9804590391154001
0.5207469453268871
0.17552678414200562
0.818331429053408
0.6233377077779007
0.6638073740105688
0.671105146170987
0.1181999026986198
0.06650025213106947
0.11598106709020117
0.11794256976408535
0.41088183354147567
0.6860082986732765
0.19582430693953312
0.3201950629101802
0.7589669574062575
0.3418460768573701
0.6763314445647469
0.5078904714827015
0.19200923879356435
0.69590220063795
0.42897238094209345
0.8393544645360291
0.2922638081942526
0.3321128508311909
0.3916307207775742
0.19400295630268427
0.07793535989352163
0.5172370098475487
0.19281090275068968
0.5282948411845154
0.5609567783755693
0.8733801906593542
0.6851622646118747
0.4606964416201659
0.44735830803103094
0.7459119315800296
0.8622058835655082
0.1294991032319941
0.5126634307173284
0.4973192065076597
0.24460499917171075
0.11484428121180545
0.21086765086528236
0.7733929456042167
0.7209471609851918
0.8709242668983745
0.04782833767507422
0.3987501806743835
0.4778422338854925
0.05021482413141343
0.3169372136958353
0.12978818585529783
0.3741238313939892
0.18235601064522877
0.17491924936974879
0.3899477952234378
0.697701207196579
0.06171708912069429
0.853084229888641
0.4849454680899844
0.8957115441218437
0.8131762297746021
0.2035412427131682
0.23778199186865034
0.44823762539751844
0.7298154286870314
0.5540171112943927
0.24916936458788075
0.3522225968653565
0.913331536734499
0.881825254936283
0.9333781994012941
0.7088483225088145
0.34926223063834305
0.090831225202892
0.8012866309304613
0.9912482678769069
0.45261440689152654
0.2868108358456961
0.264341597219226
0.9892759889809626
0.9215242192535077
0.429318285238548
0.28765921555515184
0.7767449688324461
0.6172195427152591
0.6082477002068764
0.49041082014788995
0.9878511250337665
0.2941594333192932
0.6916216860177725
0.22158168199510297
0.17552874711392197
0.03454336558651927
0.6307375413209889
0.9128027835151612
0.13257914713335328
0.5548700297219068
0.8091786457966096
0.3435446413142599
0.08655025349079082
0.7285991412373958
0.3505852196387843
0.3739420070784726
0.5221729762212409
0.10825668840258207
0.35697292128870295
0.23892304736151593
0.30143280530424676
0.8715814449174208
0.4405718088713093
0.47084843908646856
0.7772916958820127
0.3118233593171533
0.9784608684939711
0.8572258887682719
0.019388964520139162
0.3889916288258115
0.1519383155155718
0.931858372040547
0.5488394312401318
0.750603780861643
0.01870050680162172
0.7820501586782469
0.3025657721520616
0.9330748849727494
0.5513830160183395
0.09466913679478128
0.12591153920289744
0.7285221752514087
0.05696349970325931
0.5125544133141119
0.25484884906064664
0.1116644074582549
0.6008574272050309
0.827583109252796
0.7321285736856766
0.06601953875667788
0.9731685360440844
0.7637797919124305
0.45165646853496677
0.22257714556294528
0.5853667427089129
0.9310734195627357
0.8225017272006083
0.28560908595530865
0.2282063457238519
0.058084117143158864
0.7093215868957639
0.9007602271675056
0.5636127255742606
0.9569142830409235
0.5140051252696515
0.37157940010123314
0.3481867790570172
0.43799132854507095
0.5685744961789415
0.14865299758788542
0.35164408696401595
0.2164208292783748
0.1665503231899268
0.023049017814966377
0.2524605417438033
0.28737943395241605
0.7252086936956923
0.07539955535390208
0.1695889364660732
0.6378426014326453
0.35437205793597526
0.49116866859419817
0.2104433989049591
0.40765538088583764
0.3400560224136915
0.4464112801951242
0.02395144483984435
0.43566698033668994
0.2653599627191928
0.9076699720904687
0.3784261376694701
0.8087764520020229
0.09999963942626255
0.6652076535980116
0.805349049558959
0.8469519918053326
0.8814188875855399
0.8910159830613071
0.3409363437703925
0.8750278816046929
0.3486575036961671
0.9427163374538353
0.042676185027111124
0.8033967135424408
0.7417547980338881
0.28874547933457106
0.8663892805198049
0.9063187030879133
0.613461189095269
0.21534295052152086
0.3421622689532533
0.036525304434216754
0.6925689308951882
0.9081811403682197
0.33362532508625675
0.7037820269430932
0.8040298893643978
0.0011418887920352505
0.3804465039061169
0.4888655026272405
0.11022542165257443
0.046829144888463015
0.7435175684360643
0.7265543192974088
0.4323205600557253
0.9055713554571696
0.01954490020665911
0.5831058041214907
0.16018280374938276
0.9742448528066688
0.1554050960586194
0.6211337614878839
0.4642849699834035
0.8238533355219535
0.7866722522759726
0.21343634578178705
0.3990247467105512
0.3944674025590461
0.6296207122825022
0.24681028927020432
0.5033080084018005
0.4198778362744119
0.27911042309183076
0.5679541156008298
0.20715526148762575
0.07967597082028544
0.3488864542561081
0.5858390479311342
0.6349399420727961
0.7598850443458621
0.4247382760182611
0.6661676138382708
0.11363341053617682
0.23111084977274876
0.8476137568388205
0.967161722022536
0.9305978385202259
0.604777157334882
0.6098202728118964
0.5980246537538842
0.2317587257340844
0.10509113169986484
0.47057711621747356
0.5291814856557102
0.17868105607951812
0.6694259560740187
0.33211513413787674
0.9982482115961355
0.4437172553716563
0.8062794437130851
0.6926855178140469
0.8254367272221791
0.6855754973435702
0.500457193694416
0.8360653097625323
0.9425635914408266
0.46414018885563335
0.08083753430575746
0.6720926643767836
0.29488503388775744
0.09095959279025145
0.9624532300488201
0.8438862945411065
0.994017955437883
0.6143922554589676
0.564612963762208
0.2100065101743942
0.5808122057819626
0.8168807624701934
0.13823908117420092
0.542398510444372
0.8483417180458757
0.11696985337784116
0.31074115944607794
0.04988148458839359
0.493188817529309
0.6782664784345899
0.7550226993330519
0.17714461071253929
0.8255559067832978
0.19864450037867132
0.7984029191477909
0.36452668600837657
0.13975042844578156
0.5016957949416957
0.5409146036321701
0.5309756497110023
0.901860902118755
0.10927450048504195
0.845792022036313
0.6265927319635336
0.0006307357577267636
0.3469050146534135
0.6481940535499606
0.4600799529093562
0.9139457826715628
0.8857694448490497
0.6355309417374149
0.3037306016155056
0.6105710735495591
0.32053384064005574
0.8645913603143827
0.11956656126851994
0.05168564870828374
0.544147265007565
0.45239986395534304
0.6379646883218567
0.9492173720176976
0.4153964306810205
0.5857625891311345
0.4446909439379537
0.8140935427758882
